--- Pendolo di torsione ---
Tempo,Forzante,Pendolo
0,000	-6,276	-0,031
0,020	-2,667	-0,025
0,040	0,986	-0,015
0,060	4,600	-0,006
0,080	8,135	0,007
0,100	11,594	0,014
0,120	14,886	0,025
0,140	17,980	0,031
0,160	20,816	0,039
0,180	23,372	0,048
0,200	25,553	0,057
0,220	27,395	0,061
0,240	28,878	0,070
0,260	29,947	0,072
0,280	30,607	0,078
0,300	30,817	0,079
0,320	30,634	0,078
0,340	30,011	0,079
0,360	28,974	0,081
0,380	27,530	0,079
0,400	25,719	0,074
0,420	23,533	0,072
0,440	21,014	0,065
0,460	18,216	0,060
0,480	15,149	0,053
0,500	11,873	0,048
0,520	8,441	0,035
0,540	4,896	0,029
0,560	1,286	0,019
0,580	-2,361	0,010
0,600	-5,959	-0,002
0,620	-9,504	-0,008
0,640	-12,909	-0,019
0,660	-16,089	-0,024
0,680	-19,113	-0,037
0,700	-21,815	-0,043
0,720	-24,253	-0,055
0,740	-26,337	-0,060
0,760	-28,061	-0,072
0,780	-29,356	-0,071
0,800	-30,274	-0,077
0,820	-30,763	-0,074
0,840	-30,833	-0,081
0,860	-30,510	-0,078
0,880	-29,710	-0,083
0,900	-28,502	-0,081
0,920	-26,917	-0,077
0,940	-24,968	-0,075
0,960	-22,626	-0,070
0,980	-19,999	-0,062
1,000	-17,067	-0,060
1,020	-13,919	-0,046
1,040	-10,600	-0,048
1,060	-7,093	-0,030
1,080	-3,462	-0,030
1,100	0,148	-0,015
1,120	3,784	-0,007
1,140	7,366	0,004
1,160	10,852	0,009
1,180	14,177	0,021
1,200	17,324	0,027
1,220	20,203	0,037
1,240	22,830	0,039
1,260	25,096	0,056
1,280	27,030	0,060
1,300	28,577	0,067
1,320	29,742	0,068
1,340	30,494	0,075
1,360	30,801	0,078
1,380	30,715	0,076
1,400	30,183	0,077
1,420	29,243	0,077
1,440	27,889	0,077
1,460	26,155	0,073
1,480	24,065	0,068
1,500	21,611	0,062
1,520	18,877	0,060
1,540	15,880	0,050
1,560	12,630	0,047
1,580	9,225	0,039
1,600	5,701	0,027
1,620	2,092	0,022
1,640	-1,544	0,011
1,660	-5,159	0,002
1,680	-8,720	-0,006
1,700	-12,157	-0,018
1,720	-15,428	-0,025
1,740	-18,458	-0,032
1,760	-21,261	-0,043
1,780	-23,732	-0,053
1,800	-25,934	-0,060
1,820	-27,712	-0,066
1,840	-29,141	-0,071
1,860	-30,140	-0,073
1,880	-30,698	-0,077
1,900	-30,870	-0,077
1,920	-30,656	-0,078
1,940	-29,941	-0,080
1,960	-28,856	-0,078
1,980	-27,304	-0,079
2,000	-25,446	-0,069
2,020	-23,206	-0,073
2,040	-20,633	-0,063
2,060	-17,754	-0,061
2,080	-14,655	-0,051
2,100	-11,363	-0,048
2,120	-7,893	-0,035
2,140	-4,300	-0,029
2,160	-0,674	-0,015
2,180	2,994	-0,007
2,200	6,577	0,003
2,220	10,063	0,007
2,240	13,457	0,019
2,260	16,610	0,027
2,280	19,575	0,035
2,300	22,271	0,047
2,320	24,629	0,051
2,340	26,627	0,058
2,360	28,271	0,068
2,380	29,517	0,068
2,400	30,360	0,074
2,420	30,774	0,072
2,440	30,768	0,078
2,460	30,344	0,076
2,480	29,479	0,075
2,500	28,233	0,072
2,520	26,579	0,072
2,540	24,581	0,068
2,560	22,196	0,064
2,580	19,510	0,055
2,600	16,583	0,055
2,620	13,377	0,040
2,640	10,025	0,039
2,660	6,507	0,027
2,680	2,935	0,022
2,700	-0,706	0,007
2,720	-4,343	0,004
2,740	-7,925	-0,007
2,760	-11,389	-0,016
2,780	-14,677	-0,030
2,800	-17,813	-0,031
2,820	-20,633	-0,044
2,840	-23,222	-0,046
2,860	-25,408	-0,059
2,880	-27,363	-0,061
2,900	-28,851	-0,071
2,920	-29,968	-0,073
2,940	-30,629	-0,077
2,960	-30,870	-0,076
2,980	-30,736	-0,077
3,000	-30,129	-0,079
3,020	-29,157	-0,078
3,040	-27,744	-0,077
3,060	-25,902	-0,073
3,080	-23,754	-0,070
3,100	-21,251	-0,064
3,120	-18,452	-0,060
3,140	-15,385	-0,049
3,160	-12,147	-0,046
3,180	-8,688	-0,035
3,200	-5,121	-0,032
3,220	-1,480	-0,015
3,240	2,140	-0,008
3,260	5,782	0,002
3,280	9,289	0,010
3,300	12,705	0,020
3,320	15,928	0,027
3,340	18,930	0,035
3,360	21,691	0,043
3,380	24,119	0,052
3,400	26,208	0,060
3,420	27,932	0,065
3,440	29,275	0,074
3,460	30,215	0,074
3,480	30,720	0,076
3,500	30,811	0,076
3,520	30,478	0,080
3,540	29,710	0,078
3,560	28,550	0,076
3,580	26,976	0,078
3,600	25,059	0,068
3,620	22,760	0,067
3,640	20,128	0,056
3,660	17,255	0,056
3,680	14,107	0,044
3,700	10,799	0,040
3,720	7,313	0,026
3,740	3,736	0,025
3,760	0,094	0,009
3,780	-3,521	0,004
3,800	-7,114	-0,013
3,820	-10,616	-0,013
3,840	-13,946	-0,031
3,860	-17,099	-0,029
3,880	-19,994	-0,044
3,900	-22,626	-0,050
3,920	-24,930	-0,061
3,940	-26,912	-0,066
3,960	-28,523	-0,073
3,980	-29,710	-0,073
4,000	-30,484	-0,080
4,020	-30,817	-0,077
4,040	-30,747	-0,081
4,060	-30,317	-0,081
4,080	-29,372	-0,081
4,100	-28,040	-0,079
4,120	-26,337	-0,073
4,140	-24,264	-0,069
4,160	-21,836	-0,064
4,180	-19,059	-0,057
4,200	-16,105	-0,053
4,220	-12,877	-0,043
4,240	-9,472	-0,039
4,260	-5,943	-0,028
4,280	-2,323	-0,019
4,300	1,335	-0,010
4,320	4,966	-0,000
4,340	8,500	0,008
4,360	11,943	0,019
4,380	15,235	0,029
4,400	18,281	0,039
4,420	21,084	0,043
4,440	23,609	0,053
4,460	25,757	0,064
4,480	27,578	0,067
4,500	29,007	0,069
4,520	30,043	0,076
4,540	30,634	0,081
4,560	30,827	0,081
4,580	30,586	0,082
4,600	29,920	0,077
4,620	28,840	0,081
4,640	27,336	0,079
4,660	25,515	0,076
4,680	23,292	0,068
4,700	20,746	0,059
4,720	17,905	0,059
4,740	14,838	0,049
4,760	11,534	0,043
4,780	8,108	0,031
4,800	4,541	0,027
4,820	0,927	0,013
4,840	-2,715	0,007
4,860	-6,319	-0,003
4,880	-9,816	-0,016
4,900	-13,242	-0,026
4,920	-16,401	-0,033
4,940	-19,371	-0,046
4,960	-22,056	-0,049
4,980	-24,441	-0,062
5,000	-26,514	-0,066
5,020	-28,179	-0,073
5,040	-29,469	-0,077
5,060	-30,349	-0,082
5,080	-30,752	-0,085
5,100	-30,801	-0,082
5,120	-30,430	-0,081
5,140	-29,587	-0,083
5,160	-28,378	-0,078
5,180	-26,697	-0,078
5,200	-24,726	-0,073
5,220	-22,363	-0,070
5,240	-19,698	-0,063
5,260	-16,739	-0,056
5,280	-13,592	-0,045
5,300	-10,213	-0,042
5,320	-6,722	-0,030
5,340	-3,102	-0,027
5,360	0,518	-0,010
5,380	4,171	-0,005
5,400	7,726	0,008
5,420	11,207	0,015
5,440	14,521	0,027
5,460	17,615	0,031
5,480	20,483	0,044
5,500	23,077	0,050
5,520	25,317	0,060
5,540	27,207	0,064
5,560	28,717	0,073
5,580	29,855	0,072
5,600	30,543	0,084
5,620	30,817	0,081
5,640	30,682	0,085
5,660	30,118	0,078
5,680	29,114	0,081
5,700	27,712	0,083
5,720	25,956	0,077
5,740	23,823	0,072
5,760	21,337	0,065
5,780	18,554	0,062
5,800	15,541	0,055
5,820	12,276	0,048
5,840	8,881	0,039
5,860	5,320	0,031
5,880	1,716	0,019
5,900	-1,904	0,009
5,920	-5,524	-0,000
5,940	-9,091	-0,006
5,960	-12,464	-0,018
5,980	-15,724	-0,028
6,000	-18,732	-0,035
6,020	-21,509	-0,045
6,040	-23,952	-0,060
6,060	-26,074	-0,066
6,080	-27,852	-0,073
6,100	-29,227	-0,076
6,120	-30,177	-0,080
6,140	-30,688	-0,080
6,160	-30,833	-0,085
6,180	-30,527	-0,086
6,200	-29,828	-0,083
6,220	-28,700	-0,083
6,240	-27,116	-0,082
6,260	-25,166	-0,073
6,280	-22,927	-0,072
6,300	-20,300	-0,067
6,320	-17,410	-0,061
6,340	-14,317	-0,050
6,360	-10,997	-0,048
6,380	-7,495	-0,035
6,400	-3,902	-0,031
6,420	-0,282	-0,017
6,440	3,365	-0,011
6,460	6,953	0,002
6,480	10,439	0,009
6,500	13,801	0,024
6,520	16,948	0,029
6,540	19,870	0,041
6,560	22,534	0,044
6,580	24,844	0,058
6,600	26,810	0,061
6,620	28,410	0,071
6,640	29,635	0,072
6,660	30,414	0,079
6,680	30,790	0,081
6,700	30,741	0,081
6,720	30,285	0,080
6,740	29,372	0,085
6,760	28,067	0,080
6,780	26,380	0,079
6,800	24,350	0,071
6,820	21,922	0,068
6,840	19,210	0,060
6,860	16,234	0,057
6,880	13,011	0,047
6,900	9,644	0,043
6,920	6,110	0,032
6,940	2,522	0,026
6,960	-1,104	0,012
6,980	-4,740	0,006
7,000	-8,306	-0,007
7,020	-11,765	-0,013
7,040	-15,026	-0,025
7,060	-18,109	-0,033
7,080	-20,955	-0,048
7,100	-23,442	-0,055
7,120	-25,671	-0,060
7,140	-27,535	-0,071
7,160	-28,969	-0,077
7,180	-30,016	-0,078
7,200	-30,618	-0,079
7,220	-30,881	-0,082
7,240	-30,656	-0,081
7,260	-30,059	-0,083
7,280	-29,001	-0,081
7,300	-27,530	-0,085
7,320	-25,634	-0,073
7,340	-23,464	-0,074
7,360	-20,945	-0,070
7,380	-18,125	-0,063
7,400	-15,020	-0,056
7,420	-11,749	-0,047
7,440	-8,274	-0,038
7,460	-4,740	-0,032
7,480	-1,093	-0,016
7,500	2,543	-0,013
7,520	6,163	-0,003
7,540	9,665	0,004
7,560	13,054	0,016
7,580	16,277	0,027
7,600	19,253	0,034
7,620	21,960	0,043
7,640	24,366	0,051
7,660	26,407	0,058
7,680	28,094	0,062
7,700	29,383	0,069
7,720	30,280	0,072
7,740	30,752	0,076
7,760	30,784	0,078
7,780	30,425	0,078
7,800	29,603	0,079
7,820	28,400	0,081
7,840	26,788	0,073
7,860	24,839	0,072
7,880	22,497	0,069
7,900	19,844	0,058
7,920	16,927	0,056
7,940	13,774	0,047
7,960	10,406	0,043
7,980	6,948	0,034
8,000	3,327	0,030
8,020	-0,277	0,017
8,040	-3,924	0,006
8,060	-7,501	-0,004
8,080	-11,003	-0,010
8,100	-14,290	-0,026
8,120	-17,464	-0,026
8,140	-20,343	-0,044
8,160	-22,948	-0,044
8,180	-25,188	-0,058
8,200	-27,159	-0,059
8,220	-28,695	-0,068
8,240	-29,844	-0,070
8,260	-30,596	-0,076
8,280	-30,838	-0,076
8,300	-30,758	-0,077
8,320	-30,263	-0,077
8,340	-29,291	-0,081
8,360	-27,916	-0,077
8,380	-26,112	-0,073
8,400	-24,033	-0,073
8,420	-21,568	-0,066
8,440	-18,764	-0,064
8,460	-15,778	-0,052
8,480	-12,501	-0,045
8,500	-9,096	-0,037
8,520	-5,540	-0,029
8,540	-1,926	-0,022
8,560	1,738	-0,010
8,580	5,352	-0,006
8,600	8,892	0,005
8,620	12,302	0,016
8,640	15,552	0,024
8,660	18,592	0,031
8,680	21,385	0,040
8,700	23,845	0,050
8,720	25,983	0,057
8,740	27,744	0,064
8,760	29,141	0,066
8,780	30,113	0,071
8,800	30,677	0,074
8,820	30,811	0,076
8,840	30,543	0,079
8,860	29,812	0,077
8,880	28,706	0,077
8,900	27,186	0,072
8,920	25,311	0,068
8,940	23,029	0,068
8,960	20,467	0,060
8,980	17,604	0,054
9,000	14,505	0,047
9,020	11,185	0,040
9,040	7,726	0,033
9,060	4,155	0,027
9,080	0,540	0,013
9,100	-3,096	0,006
9,120	-6,690	-0,002
9,140	-10,192	-0,009
9,160	-13,559	-0,021
9,180	-16,744	-0,027
9,200	-19,666	-0,041
9,220	-22,352	-0,046
9,240	-24,699	-0,054
9,260	-26,702	-0,058
9,280	-28,378	-0,067
9,300	-29,581	-0,069
9,320	-30,435	-0,074
9,340	-30,784	-0,075
9,360	-30,811	-0,082
9,380	-30,365	-0,078
9,400	-29,544	-0,079
9,420	-28,217	-0,077
9,440	-26,568	-0,076
9,460	-24,495	-0,071
9,480	-22,126	-0,068
9,500	-19,408	-0,058
9,520	-16,460	-0,052
9,540	-13,259	-0,045
9,560	-9,885	-0,039
9,580	-6,346	-0,027
9,600	-2,742	-0,022
9,620	0,921	-0,013
9,640	4,547	-0,006
9,660	8,086	0,002
9,680	11,556	0,017
9,700	14,848	0,027
9,720	17,926	0,034
9,740	20,778	0,037
9,760	23,335	0,048
9,780	25,526	0,058
9,800	27,385	0,060
9,820	28,851	0,070
9,840	29,936	0,071
9,860	30,586	0,075
9,880	30,827	0,077
9,900	30,634	0,079
9,920	30,011	0,076
9,940	28,985	0,077
9,960	27,551	0,075
9,980	25,752	0,070
10,000	23,582	0,066
10,020	21,057	0,061
10,040	18,254	0,056
10,060	15,214	0,048
10,080	11,943	0,043
10,100	8,510	0,031
10,120	4,966	0,026
10,140	1,356	0,014
10,160	-2,291	0,006
10,180	-5,873	-0,005
10,200	-9,429	-0,011
10,220	-12,845	-0,026
10,240	-16,030	-0,031
10,260	-19,054	-0,042
10,280	-21,766	-0,047
10,300	-24,183	-0,058
10,320	-26,289	-0,060
10,340	-28,018	-0,073
10,360	-29,340	-0,069
10,380	-30,269	-0,077
10,400	-30,715	-0,078
10,420	-30,833	-0,081
10,440	-30,468	-0,082
10,460	-29,748	-0,081
10,480	-28,534	-0,077
10,500	-26,917	-0,077
10,520	-24,978	-0,069
10,540	-22,679	-0,072
10,560	-20,026	-0,057
10,580	-17,142	-0,056
10,600	-13,978	-0,044
10,620	-10,632	-0,042
10,640	-7,130	-0,030
10,660	-3,558	-0,026
10,680	0,094	-0,009
10,700	3,746	-0,005
10,720	7,297	0,006
10,740	10,799	0,010
10,760	14,129	0,026
10,780	17,260	0,033
10,800	20,160	0,041
10,820	22,781	0,050
10,840	25,064	0,059
10,860	27,009	0,063
10,880	28,550	0,073
10,900	29,737	0,071
10,920	30,478	0,077
10,940	30,806	0,076
10,960	30,720	0,085
10,980	30,194	0,080
11,000	29,259	0,081
11,020	27,895	0,075
11,040	26,187	0,076
11,060	24,092	0,067
11,080	21,637	0,065
11,100	18,904	0,054
11,120	15,906	0,054
11,140	12,662	0,043
11,160	9,284	0,036
11,180	5,760	0,026
11,200	2,151	0,015
11,220	-1,501	0,008
11,240	-5,084	-0,002
11,260	-8,661	-0,010
11,280	-12,077	-0,019
11,300	-15,359	-0,031
11,320	-18,388	-0,037
11,340	-21,192	-0,048
11,360	-23,700	-0,058
11,380	-25,827	-0,065
11,400	-27,680	-0,070
11,420	-29,066	-0,074
11,440	-30,092	-0,082
11,460	-30,656	-0,083
11,480	-30,827	-0,084
11,500	-30,602	-0,085
11,520	-29,936	-0,089
11,540	-28,835	-0,084
11,560	-27,309	-0,084
11,580	-25,429	-0,077
11,600	-23,206	-0,074
11,620	-20,644	-0,069
11,640	-17,797	-0,063
11,660	-14,687	-0,053
11,680	-11,395	-0,047
11,700	-7,904	-0,031
11,720	-4,359	-0,028
11,740	-0,706	-0,014
11,760	2,925	-0,009
11,780	6,534	0,001
11,800	10,025	0,011
11,820	13,420	0,022
11,840	16,583	0,030
11,860	19,532	0,041
11,880	22,234	0,048
11,900	24,597	0,053
11,920	26,606	0,062
11,940	28,244	0,068
11,960	29,522	0,074
11,980	30,355	0,077
12,000	30,774	0,082
12,020	30,763	0,081
12,040	30,355	0,082
12,060	29,501	0,081
12,080	28,244	0,081
12,100	26,595	0,078
12,120	24,597	0,068
12,140	22,212	0,070
12,160	19,527	0,061
12,180	16,599	0,056
12,200	13,404	0,048
12,220	10,057	0,043
12,240	6,545	0,030
12,260	2,957	0,027
12,280	-0,690	0,010
12,300	-4,305	0,006
12,320	-7,904	-0,010
12,340	-11,346	-0,013
12,360	-14,655	-0,029
12,380	-17,749	-0,030
12,400	-20,628	-0,049
12,420	-23,157	-0,057
12,440	-25,403	-0,064
12,460	-27,325	-0,069
12,480	-28,840	-0,079
12,500	-29,914	-0,077
12,520	-30,618	-0,083
12,540	-30,860	-0,082
12,560	-30,682	-0,092
12,580	-30,151	-0,083
12,600	-29,125	-0,083
12,620	-27,712	-0,084
12,640	-25,881	-0,079
12,660	-23,754	-0,077
12,680	-21,267	-0,070
12,700	-18,447	-0,066
12,720	-15,402	-0,057
12,740	-12,163	-0,049
12,760	-8,693	-0,040
12,780	-5,159	-0,031
12,800	-1,517	-0,020
12,820	2,114	-0,015
12,840	5,744	-0,002
12,860	9,257	0,005
12,880	12,668	0,016
12,900	15,901	0,024
12,920	18,898	0,039
12,940	21,654	0,043
12,960	24,097	0,054
12,980	26,176	0,062
13,000	27,922	0,066
13,020	29,264	0,071
13,040	30,199	0,080
13,060	30,720	0,078
13,080	30,811	0,082
13,100	30,489	0,081
13,120	29,732	0,081
13,140	28,572	0,079
13,160	27,009	0,079
13,180	25,091	0,073
13,200	22,776	0,071
13,220	20,166	0,064
13,240	17,287	0,060
13,260	14,139	0,048
13,280	10,825	0,044
13,300	7,361	0,029
13,320	3,773	0,030
13,340	0,164	0,018
13,360	-3,483	0,006
13,380	-7,055	-0,004
13,400	-10,557	-0,013
13,420	-13,914	-0,024
13,440	-17,067	-0,031
13,460	-19,972	-0,044
13,480	-22,615	-0,049
13,500	-24,925	-0,057
13,520	-26,944	-0,063
13,540	-28,512	-0,073
13,560	-29,716	-0,075
13,580	-30,484	-0,078
13,600	-30,817	-0,084
13,620	-30,768	-0,086
13,640	-30,296	-0,084
13,660	-29,420	-0,087
13,680	-28,072	-0,085
13,700	-26,343	-0,081
13,720	-24,285	-0,077
13,740	-21,852	-0,074
13,760	-19,118	-0,069
13,780	-16,111	-0,060
13,800	-12,909	-0,052
13,820	-9,499	-0,042
13,840	-5,954	-0,034
13,860	-2,355	-0,027
13,880	1,302	-0,015
13,900	4,933	-0,008
13,920	8,478	0,007
13,940	11,916	0,010
13,960	15,203	0,027
13,980	18,238	0,033
14,000	21,073	0,039
14,020	23,576	0,045
14,040	25,752	0,055
14,060	27,567	0,063
14,080	28,990	0,070
14,100	30,006	0,072
14,120	30,629	0,077
14,140	30,822	0,074
14,160	30,591	0,081
14,180	29,936	0,081
14,200	28,851	0,080
14,220	27,390	0,082
14,240	25,553	0,071
14,260	23,329	0,073
14,280	20,773	0,060
14,300	17,958	0,062
14,320	14,865	0,050
14,340	11,594	0,048
14,360	8,129	0,034
14,380	4,600	0,035
14,400	0,975	0,017
14,420	-2,683	0,010
14,440	-6,249	-0,003
14,460	-9,800	-0,003
14,480	-13,151	-0,022
14,500	-16,347	-0,026
14,520	-19,339	-0,042
14,540	-22,046	-0,045
14,560	-24,414	-0,059
14,580	-26,461	-0,060
14,600	-28,174	-0,072
14,620	-29,447	-0,073
14,640	-30,333	-0,080
14,660	-30,758	-0,078
14,680	-30,806	-0,085
14,700	-30,414	-0,081
14,720	-29,646	-0,081
14,740	-28,394	-0,081
14,760	-26,745	-0,080
14,780	-24,753	-0,076
14,800	-22,416	-0,069
14,820	-19,768	-0,064
14,840	-16,809	-0,062
14,860	-13,667	-0,050
14,880	-10,272	-0,046
14,900	-6,776	-0,031
14,920	-3,150	-0,027
14,940	0,470	-0,014
14,960	4,106	-0,010
14,980	7,683	0,004
15,000	11,148	0,009
15,020	14,462	0,019
15,040	17,588	0,027
15,060	20,434	0,040
15,080	23,061	0,041
15,100	25,284	0,056
15,120	27,191	0,059
15,140	28,695	0,069
15,160	29,818	0,070
15,180	30,537	0,076
15,200	30,806	0,075
15,220	30,672	0,082
15,240	30,129	0,080
15,260	29,130	0,081
15,280	27,734	0,073
15,300	25,983	0,076
15,320	23,850	0,069
15,340	21,364	0,067
15,360	18,597	0,058
15,380	15,590	0,052
15,400	12,340	0,045
15,420	8,913	0,038
15,440	5,411	0,031
15,460	1,770	0,021
15,480	-1,845	0,010
15,500	-5,465	0,002
15,520	-9,005	-0,005
15,540	-12,448	-0,015
15,560	-15,643	-0,028
15,580	-18,689	-0,036
15,600	-21,460	-0,044
15,620	-23,936	-0,055
15,640	-26,036	-0,059
15,660	-27,846	-0,067
15,680	-29,200	-0,071
15,700	-30,177	-0,076
15,720	-30,688	-0,080
15,740	-30,849	-0,081
15,760	-30,532	-0,081
15,780	-29,839	-0,081
15,800	-28,690	-0,081
15,820	-27,159	-0,081
15,840	-25,209	-0,073
15,860	-22,964	-0,072
15,880	-20,359	-0,064
15,900	-17,475	-0,060
15,920	-14,365	-0,049
15,940	-11,062	-0,045
15,960	-7,560	-0,033
15,980	-3,977	-0,027
16,000	-0,341	-0,017
16,020	3,295	-0,009
16,040	6,888	0,003
16,060	10,380	0,010
16,080	13,737	0,019
16,100	16,906	0,031
16,120	19,822	0,035
16,140	22,486	0,043
16,160	24,801	0,054
16,180	26,799	0,060
16,200	28,389	0,065
16,220	29,603	0,071
16,240	30,403	0,075
16,260	30,779	0,075
16,280	30,741	0,079
16,300	30,280	0,080
16,320	29,377	0,077
16,340	28,088	0,077
16,360	26,396	0,074
16,380	24,361	0,068
16,400	21,949	0,065
16,420	19,242	0,060
16,440	16,266	0,054
16,460	13,049	0,044
16,480	9,681	0,039
16,500	6,169	0,028
16,520	2,570	0,022
16,540	-1,072	0,012
16,560	-4,697	0,002
16,580	-8,253	-0,002
16,600	-11,712	-0,010
16,620	-14,983	-0,027
16,640	-18,076	-0,031
16,660	-20,885	-0,045
16,680	-23,437	-0,051
16,700	-25,601	-0,063
16,720	-27,503	-0,068
16,740	-28,964	-0,071
16,760	-30,000	-0,075
16,780	-30,623	-0,079
16,800	-30,827	-0,084
16,820	-30,639	-0,085
16,840	-30,038	-0,083
16,860	-28,996	-0,082
16,880	-27,540	-0,082
16,900	-25,666	-0,073
16,920	-23,485	-0,073
16,940	-20,971	-0,067
16,960	-18,152	-0,063
16,980	-15,069	-0,051
17,000	-11,781	-0,049
17,020	-8,349	-0,039
17,040	-4,761	-0,034
17,060	-1,141	-0,022
17,080	2,511	-0,012
17,100	6,110	-0,001
17,120	9,612	0,007
17,140	13,028	0,019
17,160	16,218	0,027
17,180	19,199	0,039
17,200	21,927	0,040
17,220	24,334	0,054
17,240	26,391	0,055
17,260	28,061	0,066
17,280	29,372	0,067
17,300	30,280	0,075
17,320	30,741	0,075
17,340	30,784	0,081
17,360	30,419	0,078
17,380	29,614	0,077
17,400	28,410	0,077
17,420	26,810	0,077
17,440	24,855	0,070
17,460	22,524	0,070
17,480	19,870	0,054
17,500	16,948	0,056
17,520	13,806	0,046
17,540	10,439	0,043
17,560	6,969	0,033
17,580	3,376	0,024
17,600	-0,255	0,013
17,620	-3,902	0,006
17,640	-7,479	-0,011
17,660	-10,970	-0,012
17,680	-14,268	-0,025
17,700	-17,427	-0,029
17,720	-20,300	-0,046
17,740	-22,894	-0,051
17,760	-25,172	-0,061
17,780	-27,111	-0,066
17,800	-28,695	-0,073
17,820	-29,812	-0,075
17,840	-30,553	-0,080
17,860	-30,860	-0,081
17,880	-30,736	-0,085
17,900	-30,263	-0,080
17,920	-29,270	-0,084
17,940	-27,916	-0,079
17,960	-26,128	-0,077
17,980	-24,011	-0,074
18,000	-21,600	-0,069
18,020	-18,796	-0,064
18,040	-15,799	-0,055
18,060	-12,544	-0,046
18,080	-9,134	-0,038
18,100	-5,578	-0,031
18,120	-1,979	-0,019
18,140	1,695	-0,010
18,160	5,299	-0,002
18,180	8,844	0,010
18,200	12,265	0,022
18,220	15,525	0,030
18,240	18,554	0,035
18,260	21,331	0,048
18,280	23,823	0,052
18,300	25,950	0,064
18,320	27,734	0,063
18,340	29,114	0,073
18,360	30,108	0,073
18,380	30,672	0,081
18,400	30,817	0,081
18,420	30,543	0,084
18,440	29,812	0,080
18,460	28,722	0,080
18,480	27,207	0,076
18,500	25,333	0,072
18,520	23,061	0,067
18,540	20,493	0,062
18,560	17,641	0,058
18,580	14,521	0,045
18,600	11,223	0,043
18,620	7,769	0,029
18,640	4,192	0,028
18,660	0,588	0,015
18,680	-3,075	0,007
18,700	-6,652	-0,008
18,720	-10,159	-0,010
18,740	-13,543	-0,023
18,760	-16,728	-0,030
18,780	-19,661	-0,047
18,800	-22,352	-0,044
18,820	-24,688	-0,060
18,840	-26,724	-0,060
18,860	-28,357	-0,074
18,880	-29,630	-0,077
18,900	-30,473	-0,082
18,920	-30,827	-0,079
18,940	-30,844	-0,085
18,960	-30,398	-0,078
18,980	-29,571	-0,083
19,000	-28,276	-0,079
19,020	-26,590	-0,081
19,040	-24,543	-0,071
19,060	-22,175	-0,075
19,080	-19,457	-0,064
19,100	-16,503	-0,059
19,120	-13,318	-0,046
19,140	-9,934	-0,041
19,160	-6,389	-0,033
19,180	-2,790	-0,020
19,200	0,862	-0,009
19,220	4,482	-0,008
19,240	8,049	0,006
19,260	11,513	0,013
19,280	14,811	0,027
19,300	17,894	0,035
19,320	20,735	0,043
19,340	23,302	0,054
19,360	25,499	0,059
19,380	27,374	0,065
19,400	28,840	0,072
19,420	29,930	0,073
19,440	30,586	0,078
19,460	30,817	0,078
19,480	30,634	0,086
19,500	30,011	0,078
19,520	28,996	0,081
19,540	27,578	0,079
19,560	25,779	0,077
19,580	23,609	0,074
19,600	21,090	0,067
19,620	18,291	0,059
19,640	15,257	0,052
19,660	11,975	0,043
19,680	8,564	0,035
19,700	5,009	0,030
19,720	1,405	0,022
19,740	-2,242	0,008
19,760	-5,841	-0,003
19,780	-9,391	-0,010
19,800	-12,770	-0,023
19,820	-16,003	-0,031
19,840	-19,006	-0,039
19,860	-21,761	-0,048
19,880	-24,156	-0,056
19,900	-26,240	-0,067
19,920	-28,013	-0,069
19,940	-29,334	-0,075
19,960	-30,290	-0,081
19,980	-30,736	-0,082
20,000	-30,849	-0,085
20,020	-30,500	-0,085
20,040	-29,791	-0,087
20,060	-28,577	-0,081
20,080	-26,998	-0,083
20,100	-25,021	-0,077
20,120	-22,755	-0,073
20,140	-20,091	-0,068
20,160	-17,196	-0,064
20,180	-14,086	-0,048
20,200	-10,697	-0,048
20,220	-7,189	-0,035
20,240	-3,612	-0,027
20,260	0,024	-0,012
20,280	3,660	-0,010
20,300	7,259	0,002
20,320	10,723	0,013
20,340	14,091	0,022
20,360	17,212	0,030
20,380	20,117	0,044
20,400	22,765	0,048
20,420	25,021	0,059
20,440	26,971	0,060
20,460	28,539	0,073
20,480	29,732	0,073
20,500	30,468	0,078
20,520	30,801	0,082
20,540	30,715	0,085
20,560	30,194	0,084
20,580	29,270	0,084
20,600	27,932	0,079
20,620	26,198	0,081
20,640	24,124	0,072
20,660	21,686	0,072
20,680	18,952	0,063
20,700	15,949	0,052
20,720	12,727	0,051
20,740	9,327	0,041
20,760	5,814	0,038
20,780	2,221	0,023
20,800	-1,431	0,013
20,820	-5,057	0,001
20,840	-8,613	-0,004
20,860	-12,023	-0,011
20,880	-15,267	-0,025
20,900	-18,356	-0,035
20,920	-21,149	-0,044
20,940	-23,652	-0,059
20,960	-25,800	-0,062
20,980	-27,632	-0,069
21,000	-29,071	-0,072
21,020	-30,092	-0,080
21,040	-30,645	-0,084
21,060	-30,822	-0,089
21,080	-30,580	-0,086
21,100	-29,957	-0,085
21,120	-28,872	-0,085
21,140	-27,331	-0,086
21,160	-25,483	-0,077
21,180	-23,238	-0,077
21,200	-20,687	-0,065
21,220	-17,840	-0,068
21,240	-14,736	-0,056
21,260	-11,448	-0,050
21,280	-7,990	-0,039
21,300	-4,412	-0,031
21,320	-0,771	-0,022
21,340	2,865	-0,015
21,360	6,448	-0,002
21,380	9,977	0,008
21,400	13,355	0,025
21,420	16,535	0,028
21,440	19,484	0,038
21,460	22,201	0,045
21,480	24,549	0,052
21,500	26,584	0,059
21,520	28,217	0,068
21,540	29,490	0,071
21,560	30,339	0,074
21,580	30,763	0,078
21,600	30,768	0,083
21,620	30,355	0,084
21,640	29,506	0,083
21,660	28,276	0,079
21,680	26,616	0,083
21,700	24,624	0,069
21,720	22,255	0,069
21,740	19,575	0,064
21,760	16,648	0,060
21,780	13,447	0,045
21,800	10,100	0,048
21,820	6,598	0,031
21,840	3,010	0,027
21,860	-0,631	0,014
21,880	-4,235	0,009
21,900	-7,844	-0,005
21,920	-11,271	-0,008
21,940	-14,596	-0,025
21,960	-17,695	-0,029
21,980	-20,579	-0,044
22,000	-23,115	-0,049
22,020	-25,354	-0,063
22,040	-27,277	-0,064
22,060	-28,797	-0,073
22,080	-29,914	-0,074
22,100	-30,559	-0,082
22,120	-30,844	-0,084
22,140	-30,682	-0,086
22,160	-30,151	-0,083
22,180	-29,125	-0,085
22,200	-27,723	-0,085
22,220	-25,924	-0,081
22,240	-23,764	-0,077
22,260	-21,288	-0,072
22,280	-18,501	-0,067
22,300	-15,445	-0,053
22,320	-12,206	-0,053
22,340	-8,736	-0,041
22,360	-5,186	-0,036
22,380	-1,566	-0,019
22,400	2,065	-0,015
22,420	5,691	-0,007
22,440	9,198	0,005
22,460	12,635	0,018
22,480	15,864	0,024
22,500	18,850	0,035
22,520	21,621	0,039
22,540	24,049	0,047
22,560	26,149	0,056
22,580	27,884	0,064
22,600	29,238	0,068
22,620	30,183	0,076
22,640	30,715	0,077
22,660	30,801	0,078
22,680	30,489	0,085
22,700	29,732	0,077
22,720	28,582	0,077
22,740	27,014	0,075
22,760	25,102	0,068
22,780	22,803	0,071
22,800	20,193	0,061
22,820	17,314	0,059
22,840	14,172	0,050
22,860	10,852	0,046
22,880	7,388	0,033
22,900	3,805	0,027
22,920	0,164	0,018
22,940	-3,472	0,006
22,960	-7,044	-0,003
22,980	-10,573	-0,006
23,000	-13,882	-0,024
23,020	-17,040	-0,029
23,040	-19,972	-0,042
23,060	-22,599	-0,047
23,080	-24,914	-0,061
23,100	-26,896	-0,065
23,120	-28,534	-0,073
23,140	-29,689	-0,075
23,160	-30,489	-0,085
23,180	-30,811	-0,085
23,200	-30,790	-0,087
23,220	-30,312	-0,085
23,240	-29,388	-0,087
23,260	-28,067	-0,084
23,280	-26,359	-0,080
23,300	-24,285	-0,077
23,320	-21,895	-0,073
23,340	-19,124	-0,065
23,360	-16,148	-0,063
23,380	-12,942	-0,052
23,400	-9,536	-0,046
23,420	-5,991	-0,036
23,440	-2,377	-0,025
23,460	1,249	-0,018
23,480	4,885	-0,007
23,500	8,414	0,003
23,520	11,878	0,013
23,540	15,149	0,022
23,560	18,205	0,031
23,580	21,031	0,037
23,600	23,550	0,049
23,620	25,714	0,056
23,640	27,535	0,060
23,660	28,969	0,068
23,680	30,006	0,069
23,700	30,623	0,075
23,720	30,822	0,078
23,740	30,602	0,076
23,760	29,941	0,079
23,780	28,872	0,075
23,800	27,401	0,077
23,820	25,564	0,072
23,840	23,356	0,068
23,860	20,816	0,060
23,880	17,990	0,059
23,900	14,907	0,050
23,920	11,610	0,045
23,940	8,188	0,035
23,960	4,611	0,031
23,980	1,018	0,019
24,000	-2,656	0,010
24,020	-6,249	-0,002
24,040	-9,789	-0,009
24,060	-13,151	-0,021
24,080	-16,363	-0,027
24,100	-19,339	-0,039
24,120	-22,056	-0,046
24,140	-24,452	-0,059
24,160	-26,493	-0,062
24,180	-28,201	-0,073
24,200	-29,506	-0,076
24,220	-30,387	-0,083
24,240	-30,806	-0,084
24,260	-30,833	-0,089
24,280	-30,451	-0,085
24,300	-29,689	-0,084
24,320	-28,464	-0,085
24,340	-26,783	-0,082
24,360	-24,796	-0,080
24,380	-22,465	-0,072
24,400	-19,806	-0,063
24,420	-16,852	-0,059
24,440	-13,710	-0,052
24,460	-10,326	-0,045
24,480	-6,819	-0,033
24,500	-3,198	-0,027
24,520	0,432	-0,013
24,540	4,069	-0,005
24,560	7,624	0,005
24,580	11,110	0,011
24,600	14,435	0,026
24,620	17,550	0,030
24,640	20,407	0,039
24,660	23,018	0,046
24,680	25,252	0,057
24,700	27,154	0,059
24,720	28,679	0,073
24,740	29,812	0,072
24,760	30,532	0,075
24,780	30,806	0,076
24,800	30,682	0,081
24,820	30,129	0,076
24,840	29,146	0,080
24,860	27,766	0,073
24,880	26,004	0,075
24,900	23,888	0,067
24,920	21,401	0,063
24,940	18,640	0,056
24,960	15,627	0,049
24,980	12,378	0,041
25,000	8,956	0,031
25,020	5,449	0,024
25,040	1,818	0,020
25,060	-1,818	0,010
25,080	-5,438	-0,002
25,100	-8,972	-0,011
25,120	-12,383	-0,020
25,140	-15,627	-0,027
25,160	-18,678	-0,040
25,180	-21,460	-0,044
25,200	-23,915	-0,056
25,220	-26,079	-0,064
25,240	-27,814	-0,068
25,260	-29,243	-0,073
25,280	-30,215	-0,080
25,300	-30,752	-0,078
25,320	-30,865	-0,085
25,340	-30,607	-0,084
25,360	-29,871	-0,083
25,380	-28,781	-0,081
25,400	-27,207	-0,081
25,420	-25,317	-0,072
25,440	-23,023	-0,070
25,460	-20,440	-0,066
25,480	-17,539	-0,060
25,500	-14,446	-0,050
25,520	-11,105	-0,049
25,540	-7,630	-0,033
25,560	-4,031	-0,028
25,580	-0,406	-0,010
25,600	3,252	-0,009
25,620	6,840	0,005
25,640	10,326	0,009
25,660	13,715	0,022
25,680	16,863	0,031
25,700	19,790	0,042
25,720	22,465	0,048
25,740	24,785	0,056
25,760	26,767	0,064
25,780	28,373	0,073
25,800	29,597	0,072
25,820	30,403	0,079
25,840	30,790	0,078
25,860	30,752	0,080
25,880	30,296	0,080
25,900	29,393	0,081
25,920	28,115	0,077
25,940	26,418	0,077
25,960	24,387	0,071
25,980	21,997	0,068
26,000	19,290	0,058
26,020	16,320	0,053
26,040	13,108	0,043
26,060	9,730	0,039
26,080	6,233	0,029
26,100	2,640	0,020
26,120	-0,986	0,007
26,140	-4,616	0,001
26,160	-8,188	-0,011
26,180	-11,636	-0,019
26,200	-14,897	-0,030
26,220	-18,023	-0,036
26,240	-20,832	-0,051
26,260	-23,372	-0,056
26,280	-25,564	-0,066
26,300	-27,433	-0,072
26,320	-28,910	-0,077
26,340	-29,995	-0,082
26,360	-30,618	-0,086
26,380	-30,844	-0,085
26,400	-30,639	-0,089
26,420	-30,059	-0,087
26,440	-28,996	-0,088
26,460	-27,578	-0,088
26,480	-25,719	-0,079
26,500	-23,533	-0,077
26,520	-21,036	-0,069
26,540	-18,189	-0,064
26,560	-15,144	-0,056
26,580	-11,873	-0,048
26,600	-8,403	-0,039
26,620	-4,847	-0,030
26,640	-1,195	-0,020
26,660	2,414	-0,008
26,680	6,034	-0,000
26,700	9,536	0,009
26,720	12,963	0,025
26,740	16,175	0,027
26,760	19,145	0,040
26,780	21,885	0,046
26,800	24,285	0,057
26,820	26,353	0,063
26,840	28,040	0,068
26,860	29,361	0,072
26,880	30,258	0,078
26,900	30,736	0,079
26,920	30,790	0,083
26,940	30,425	0,082
26,960	29,619	0,085
26,980	28,437	0,081
27,000	26,821	0,075
27,020	24,892	0,072
27,040	22,556	0,069
27,060	19,908	0,063
27,080	17,008	0,058
27,100	13,844	0,043
27,120	10,492	0,044
27,140	7,033	0,029
27,160	3,435	0,031
27,180	-0,185	0,010
27,200	-3,827	0,009
27,220	-7,393	-0,006
27,240	-10,906	-0,013
27,260	-14,198	-0,027
27,280	-17,319	-0,030
27,300	-20,225	-0,045
27,320	-22,841	-0,047
27,340	-25,091	-0,066
27,360	-27,062	-0,066
27,380	-28,604	-0,080
27,400	-29,791	-0,076
27,420	-30,494	-0,086
27,440	-30,822	-0,085
27,460	-30,709	-0,091
27,480	-30,220	-0,089
27,500	-29,270	-0,091
27,520	-27,927	-0,087
27,540	-26,133	-0,085
27,560	-24,054	-0,078
27,580	-21,578	-0,075
27,600	-18,850	-0,069
27,620	-15,810	-0,062
27,640	-12,598	-0,054
27,660	-9,177	-0,042
27,680	-5,637	-0,035
27,700	-2,001	-0,027
27,720	1,646	-0,014
27,740	5,240	-0,004
27,760	8,790	0,007
27,780	12,222	0,016
27,800	15,488	0,026
27,820	18,511	0,034
27,840	21,310	0,043
27,860	23,791	0,056
27,880	25,913	0,057
27,900	27,701	0,068
27,920	29,109	0,072
27,940	30,097	0,080
27,960	30,672	0,080
27,980	30,811	0,082
28,000	30,548	0,085
28,020	29,844	0,081
28,040	28,738	0,081
28,060	27,207	0,080
28,080	25,338	0,076
28,100	23,093	0,072
28,120	20,536	0,064
28,140	17,668	0,061
28,160	14,569	0,053
28,180	11,255	0,046
28,200	7,807	0,035
28,220	4,240	0,028
28,240	0,615	0,019
28,260	-3,027	0,010
28,280	-6,609	-0,002
28,300	-10,143	-0,010
28,320	-13,484	-0,019
28,340	-16,642	-0,028
28,360	-19,618	-0,040
28,380	-22,266	-0,050
28,400	-24,645	-0,056
28,420	-26,654	-0,067
28,440	-28,335	-0,075
28,460	-29,565	-0,077
28,480	-30,414	-0,081
28,500	-30,779	-0,085
28,520	-30,784	-0,093
28,540	-30,371	-0,089
28,560	-29,511	-0,089
28,580	-28,265	-0,088
28,600	-26,573	-0,086
28,620	-24,527	-0,082
28,640	-22,175	-0,077
28,660	-19,478	-0,070
28,680	-16,513	-0,062
28,700	-13,323	-0,057
28,720	-9,955	-0,049
28,740	-6,416	-0,038
28,760	-2,817	-0,032
28,780	0,835	-0,017
28,800	4,455	-0,012
28,820	8,011	0,002
28,840	11,470	0,006
28,860	14,789	0,020
28,880	17,851	0,031
28,900	20,692	0,040
28,920	23,270	0,044
28,940	25,478	0,057
28,960	27,331	0,064
28,980	28,819	0,070
29,000	29,904	0,072
29,020	30,580	0,078
29,040	30,811	0,079
29,060	30,645	0,080
29,080	30,027	0,085
29,100	29,023	0,081
29,120	27,589	0,080
29,140	25,795	0,077
29,160	23,625	0,072
29,180	21,122	0,069
29,200	18,329	0,067
29,220	15,294	0,056
29,240	11,996	0,052
29,260	8,575	0,038
29,280	5,035	0,035
29,300	1,421	0,020
29,320	-2,232	0,012
29,340	-5,830	0,003
29,360	-9,402	-0,005
29,380	-12,770	-0,019
29,400	-15,982	-0,024
29,420	-18,990	-0,035
29,440	-21,729	-0,044
29,460	-24,189	-0,055
29,480	-26,257	-0,060
29,500	-27,997	-0,073
29,520	-29,350	-0,073
29,540	-30,285	-0,081
29,560	-30,763	-0,081
29,580	-30,881	-0,085
29,600	-30,510	-0,087
29,620	-29,802	-0,085
29,640	-28,598	-0,083
29,660	-27,014	-0,085
29,680	-25,032	-0,077
29,700	-22,744	-0,077
29,720	-20,096	-0,064
29,740	-17,201	-0,063
29,760	-14,075	-0,058
29,780	-10,729	-0,049
29,800	-7,227	-0,039
29,820	-3,623	-0,032
29,840	0,019	-0,015
29,860	3,639	-0,010
29,880	7,227	0,001
29,900	10,697	0,006
29,920	14,053	0,021
29,940	17,196	0,027
29,960	20,080	0,039
29,980	22,733	0,043
30,000	25,005	0,052
30,020	26,949	0,059
30,040	28,512	0,067
30,060	29,710	0,071
30,080	30,468	0,075
30,100	30,801	0,070
30,120	30,715	0,078
30,140	30,215	0,077
30,160	29,286	0,081
30,180	27,943	0,075
30,200	26,224	0,072
30,220	24,156	0,068
30,240	21,702	0,065
30,260	18,990	0,060
30,280	15,992	0,052
30,300	12,759	0,047
30,320	9,370	0,039
30,340	5,868	0,032
30,360	2,248	0,025
30,380	-1,383	0,012
30,400	-5,003	0,002
30,420	-8,586	-0,008
30,440	-12,007	-0,015
30,460	-15,278	-0,024
30,480	-18,329	-0,031
30,500	-21,176	-0,042
30,520	-23,652	-0,051
30,540	-25,827	-0,060
30,560	-27,680	-0,063
30,580	-29,093	-0,074
30,600	-30,135	-0,073
30,620	-30,725	-0,077
30,640	-30,854	-0,077
30,660	-30,682	-0,083
30,680	-29,979	-0,082
30,700	-28,931	-0,084
30,720	-27,422	-0,078
30,740	-25,553	-0,075
30,760	-23,297	-0,075
30,780	-20,751	-0,067
30,800	-17,894	-0,064
30,820	-14,811	-0,051
30,840	-11,508	-0,051
30,860	-8,059	-0,037
30,880	-4,455	-0,033
30,900	-0,814	-0,015
30,920	2,823	-0,013
30,940	6,427	0,003
30,960	9,912	0,006
30,980	13,334	0,019
31,000	16,508	0,027
31,020	19,462	0,036
31,040	22,158	0,041
31,060	24,522	0,056
31,080	26,552	0,055
31,100	28,201	0,068
31,120	29,485	0,070
31,140	30,328	0,073
31,160	30,763	0,077
31,180	30,774	0,076
31,200	30,365	0,079
31,220	29,522	0,077
31,240	28,287	0,077
31,260	26,633	0,075
31,280	24,656	0,068
31,300	22,277	0,065
31,320	19,613	0,060
31,340	16,680	0,053
31,360	13,495	0,048
31,380	10,159	0,036
31,400	6,663	0,031
31,420	3,075	0,023
31,440	-0,561	0,014
31,460	-4,198	-0,000
31,480	-7,769	-0,005
31,500	-11,228	-0,019
31,520	-14,526	-0,021
31,540	-17,657	-0,036
31,560	-20,558	-0,043
31,580	-23,066	-0,055
31,600	-25,354	-0,059
31,620	-27,229	-0,069
31,640	-28,786	-0,067
31,660	-29,871	-0,077
31,680	-30,602	-0,077
31,700	-30,844	-0,085
31,720	-30,731	-0,083
31,740	-30,151	-0,084
31,760	-29,173	-0,081
31,780	-27,766	-0,082
31,800	-25,988	-0,073
31,820	-23,834	-0,074
31,840	-21,347	-0,066
31,860	-18,533	-0,064
31,880	-15,525	-0,052
31,900	-12,286	-0,050
31,920	-8,844	-0,039
31,940	-5,245	-0,028
31,960	-1,657	-0,021
31,980	2,001	-0,006
32,000	5,626	-0,001
32,020	9,139	0,010
32,040	12,566	0,019
32,060	15,794	0,030
32,080	18,812	0,036
32,100	21,578	0,048
32,120	24,022	0,052
32,140	26,122	0,063
32,160	27,868	0,063
32,180	29,221	0,076
32,200	30,167	0,073
32,220	30,704	0,079
32,240	30,801	0,078
32,260	30,500	0,080
32,280	29,737	0,080
32,300	28,588	0,078
32,320	27,014	0,077
32,340	25,150	0,068
32,360	22,841	0,072
32,380	20,241	0,060
32,400	17,357	0,056
32,420	14,231	0,046
32,440	10,906	0,048
32,460	7,452	0,024
32,480	3,881	0,029
32,500	0,271	0,004
32,520	-3,392	0,009
32,540	-6,974	-0,007
32,560	-10,482	-0,013
32,580	-13,801	-0,027
32,600	-16,975	-0,031
32,620	-19,876	-0,050
32,640	-22,545	-0,048
32,660	-24,849	-0,068
32,680	-26,842	-0,066
32,700	-28,437	-0,081
32,720	-29,662	-0,074
32,740	-30,468	-0,084
32,760	-30,790	-0,081
32,780	-30,741	-0,090
32,800	-30,285	-0,081
32,820	-29,409	-0,089
32,840	-28,072	-0,085
32,860	-26,396	-0,081
32,880	-24,302	-0,076
32,900	-21,890	-0,071
32,920	-19,194	-0,063
32,940	-16,180	-0,058
32,960	-13,011	-0,048
32,980	-9,574	-0,041
33,000	-6,067	-0,030
33,020	-2,452	-0,025
33,040	1,206	-0,014
33,060	4,821	-0,001
33,080	8,355	0,010
33,100	11,830	0,017
33,120	15,106	0,030
33,140	18,168	0,037
33,160	20,977	0,046
33,180	23,512	0,053
33,200	25,687	0,057
33,220	27,513	0,068
33,240	28,958	0,072
33,260	30,000	0,075
33,280	30,623	0,081
33,300	30,822	0,079
33,320	30,607	0,086
33,340	29,947	0,081
33,360	28,888	0,086
33,380	27,401	0,077
33,400	25,591	0,075
33,420	23,388	0,071
33,440	20,837	0,065
33,460	18,028	0,064
33,480	14,940	0,050
33,500	11,658	0,045
33,520	8,204	0,035
33,540	4,686	0,027
33,560	1,055	0,019
33,580	-2,570	0,006
33,600	-6,190	-0,005
33,620	-9,708	-0,011
33,640	-13,103	-0,023
33,660	-16,256	-0,030
33,680	-19,269	-0,044
33,700	-21,981	-0,052
33,720	-24,371	-0,061
33,740	-26,423	-0,070
33,760	-28,153	-0,076
33,780	-29,409	-0,078
33,800	-30,339	-0,089
33,820	-30,752	-0,085
33,840	-30,827	-0,093
33,860	-30,425	-0,089
33,880	-29,624	-0,091
33,900	-28,437	-0,089
33,920	-26,761	-0,084
33,940	-24,801	-0,077
33,960	-22,459	-0,077
33,980	-19,795	-0,068
34,000	-16,884	-0,065
34,020	-13,704	-0,052
34,040	-10,358	-0,048
34,060	-6,835	-0,035
34,080	-3,231	-0,030
34,100	0,395	-0,015
34,120	4,026	-0,010
34,140	7,592	0,004
34,160	11,056	0,014
34,180	14,403	0,025
34,200	17,507	0,034
34,220	20,381	0,040
34,240	22,980	0,051
34,260	25,231	0,061
34,280	27,143	0,060
34,300	28,663	0,075
34,320	29,812	0,078
34,340	30,516	0,084
34,360	30,806	0,087
34,380	30,693	0,081
34,400	30,135	0,085
34,420	29,157	0,081
34,440	27,777	0,082
34,460	26,036	0,077
34,480	23,915	0,076
34,500	21,433	0,067
34,520	18,662	0,065
34,540	15,654	0,053
34,560	12,399	0,049
34,580	9,005	0,036
34,600	5,460	0,031
34,620	1,866	0,018
34,640	-1,797	0,016
34,660	-5,390	0,001
34,680	-8,956	-0,006
34,700	-12,362	-0,017
34,720	-15,606	-0,028
34,740	-18,630	-0,038
34,760	-21,412	-0,048
34,780	-23,893	-0,058
34,800	-26,042	-0,067
34,820	-27,809	-0,072
34,840	-29,238	-0,077
34,860	-30,151	-0,082
34,880	-30,725	-0,084
34,900	-30,844	-0,088
34,920	-30,570	-0,092
34,940	-29,866	-0,088
34,960	-28,754	-0,091
34,980	-27,197	-0,088
35,000	-25,284	-0,080
35,020	-23,029	-0,081
35,040	-20,424	-0,070
35,060	-17,555	-0,074
35,080	-14,451	-0,058
35,100	-11,126	-0,053
35,120	-7,635	-0,040
35,140	-4,052	-0,035
35,160	-0,406	-0,023
35,180	3,209	-0,012
35,200	6,808	-0,001
35,220	10,304	0,005
35,240	13,667	0,018
35,260	16,825	0,023
35,280	19,758	0,040
35,300	22,448	0,042
35,320	24,758	0,056
35,340	26,745	0,057
35,360	28,351	0,069
35,380	29,592	0,072
35,400	30,398	0,078
35,420	30,779	0,075
35,440	30,747	0,084
35,460	30,306	0,080
35,480	29,420	0,086
35,500	28,126	0,080
35,520	26,450	0,081
35,540	24,430	0,068
35,560	22,019	0,072
35,580	19,323	0,061
35,600	16,368	0,060
35,620	13,151	0,050
35,640	9,778	0,043
35,660	6,287	0,031
35,680	2,688	0,027
35,700	-0,948	0,014
35,720	-4,573	0,006
35,740	-8,161	-0,003
35,760	-11,604	-0,015
35,780	-14,918	-0,023
35,800	-17,974	-0,031
35,820	-20,843	-0,043
35,840	-23,362	-0,052
35,860	-25,596	-0,061
35,880	-27,433	-0,069
35,900	-28,942	-0,074
35,920	-30,016	-0,079
35,940	-30,661	-0,081
35,960	-30,870	-0,085
35,980	-30,688	-0,086
36,000	-30,081	-0,087
36,020	-29,066	-0,083
36,040	-27,610	-0,085
36,060	-25,752	-0,080
36,080	-23,576	-0,080
36,100	-21,063	-0,073
36,120	-18,243	-0,069
36,140	-15,155	-0,060
36,160	-11,905	-0,056
36,180	-8,446	-0,044
36,200	-4,880	-0,031
36,220	-1,233	-0,025
36,240	2,404	-0,014
36,260	6,018	-0,006
36,280	9,520	0,003
36,300	12,942	0,012
36,320	16,137	0,023
36,340	19,124	0,031
36,360	21,874	0,043
36,380	24,269	0,050
36,400	26,326	0,057
36,420	28,029	0,061
36,440	29,350	0,068
36,460	30,253	0,074
36,480	30,736	0,077
36,500	30,784	0,077
36,520	30,457	0,079
36,540	29,646	0,079
36,560	28,459	0,079
36,580	26,869	0,073
36,600	24,914	0,069
36,620	22,588	0,069
36,640	19,946	0,061
36,660	17,051	0,059
36,680	13,898	0,047
36,700	10,557	0,043
36,720	7,082	0,030
36,740	3,494	0,027
36,760	-0,142	0,014
36,780	-3,779	0,008
36,800	-7,366	-0,006
36,820	-10,847	-0,010
36,840	-14,156	-0,027
36,860	-17,298	-0,027
36,880	-20,187	-0,043
36,900	-22,814	-0,045
36,920	-25,091	-0,057
36,940	-27,084	-0,064
36,960	-28,620	-0,074
36,980	-29,764	-0,073
37,000	-30,543	-0,082
37,020	-30,838	-0,078
37,040	-30,741	-0,085
37,060	-30,285	-0,082
37,080	-29,302	-0,085
37,100	-27,986	-0,078
37,120	-26,192	-0,077
37,140	-24,119	-0,076
37,160	-21,648	-0,070
37,180	-18,909	-0,066
37,200	-15,901	-0,059
37,220	-12,652	-0,054
37,240	-9,257	-0,048
37,260	-5,696	-0,035
37,280	-2,081	-0,026
37,300	1,582	-0,015
37,320	5,197	-0,006
37,340	8,736	-0,000
37,360	12,179	0,015
37,380	15,439	0,020
37,400	18,485	0,032
37,420	21,261	0,040
37,440	23,759	0,048
37,460	25,907	0,053
37,480	27,685	0,059
37,500	29,093	0,068
37,520	30,081	0,070
37,540	30,672	0,075
37,560	30,811	0,077
37,580	30,553	0,078
37,600	29,855	0,076
37,620	28,749	0,076
37,640	27,250	0,077
37,660	25,370	0,073
37,680	23,136	0,067
37,700	20,563	0,059
37,720	17,722	0,056
37,740	14,617	0,045
37,760	11,314	0,043
37,780	7,855	0,032
37,800	4,300	0,030
37,820	0,685	0,014
37,840	-2,951	0,010
37,860	-6,566	-0,002
37,880	-10,068	-0,015
37,900	-13,441	-0,023
37,920	-16,583	-0,031
37,940	-19,564	-0,041
37,960	-22,234	-0,048
37,980	-24,586	-0,059
38,000	-26,622	-0,064
38,020	-28,287	-0,074
38,040	-29,544	-0,075
38,060	-30,371	-0,079
38,080	-30,795	-0,079
38,100	-30,763	-0,085
38,120	-30,360	-0,082
38,140	-29,522	-0,081
38,160	-28,260	-0,081
38,180	-26,600	-0,076
38,200	-24,581	-0,076
38,220	-22,180	-0,074
38,240	-19,521	-0,062
38,260	-16,535	-0,060
38,280	-13,366	-0,048
38,300	-9,998	-0,043
38,320	-6,475	-0,031
38,340	-2,849	-0,026
38,360	0,781	-0,013
38,380	4,407	-0,005
38,400	7,952	0,006
38,420	11,438	0,014
38,440	14,725	0,023
38,460	17,813	0,027
38,480	20,671	0,044
38,500	23,249	0,045
38,520	25,446	0,059
38,540	27,325	0,060
38,560	28,808	0,070
38,580	29,893	0,072
38,600	30,575	0,077
38,620	30,817	0,079
38,640	30,650	0,080
38,660	30,054	0,075
38,680	29,028	0,081
38,700	27,615	0,075
38,720	25,827	0,068
38,740	23,662	0,068
38,760	21,159	0,060
38,780	18,377	0,060
38,800	15,326	0,047
38,820	12,050	0,051
38,840	8,634	0,030
38,860	5,111	0,027
38,880	1,490	0,013
38,900	-2,135	0,008
38,920	-5,760	-0,003
38,940	-9,311	-0,009
38,960	-12,700	-0,025
38,980	-15,906	-0,029
39,000	-18,925	-0,043
39,020	-21,659	-0,048
39,040	-24,076	-0,063
39,060	-26,198	-0,064
39,080	-27,932	-0,077
39,100	-29,286	-0,073
39,120	-30,237	-0,080
39,140	-30,715	-0,079
39,160	-30,854	-0,082
39,180	-30,505	-0,082
39,200	-29,748	-0,084
39,220	-28,555	-0,079
39,240	-27,014	-0,079
39,260	-25,059	-0,076
39,280	-22,744	-0,076
39,300	-20,128	-0,064
39,320	-17,222	-0,058
39,340	-14,091	-0,050
39,360	-10,761	-0,047
39,380	-7,264	-0,037
39,400	-3,677	-0,028
39,420	-0,040	-0,014
39,440	3,617	-0,004
39,460	7,184	0,004
39,480	10,675	0,010
39,500	14,010	0,021
39,520	17,158	0,033
39,540	20,064	0,041
39,560	22,701	0,048
39,580	24,989	0,056
39,600	26,933	0,062
39,620	28,512	0,071
39,640	29,683	0,070
39,660	30,462	0,081
39,680	30,795	0,076
39,700	30,725	0,081
39,720	30,226	0,081
39,740	29,297	0,080
39,760	27,959	0,078
39,780	26,257	0,080
39,800	24,199	0,065
39,820	21,756	0,068
39,840	19,016	0,055
39,860	16,019	0,058
39,880	12,807	0,039
39,900	9,418	0,039
39,920	5,884	0,024
39,940	2,307	0,020
39,960	-1,329	0,004
39,980	-4,966	0,002
40,000	-8,527	-0,013
40,020	-11,964	-0,015
40,040	-15,230	-0,031
40,060	-18,286	-0,036
40,080	-21,079	-0,051
40,100	-23,603	-0,057
40,120	-25,762	-0,072
40,140	-27,626	-0,070
40,160	-29,044	-0,080
40,180	-30,054	-0,079
40,200	-30,677	-0,082
40,220	-30,827	-0,085
40,240	-30,591	-0,088
40,260	-29,968	-0,083
40,280	-28,888	-0,085
40,300	-27,374	-0,085
40,320	-25,521	-0,081
40,340	-23,286	-0,077
40,360	-20,762	-0,071
40,380	-17,888	-0,069
40,400	-14,816	-0,052
40,420	-11,518	-0,052
40,440	-8,043	-0,039
40,460	-4,498	-0,031
40,480	-0,846	-0,017
40,500	2,785	-0,014
40,520	6,400	0,001
40,540	9,885	0,010
40,560	13,285	0,021
40,580	16,487	0,027
40,600	19,419	0,042
40,620	22,142	0,048
40,640	24,506	0,055
40,660	26,536	0,066
40,680	28,190	0,068
40,700	29,458	0,073
40,720	30,323	0,077
40,740	30,758	0,081
40,760	30,779	0,083
40,780	30,382	0,083
40,800	29,533	0,083
40,820	28,298	0,079
40,840	26,676	0,081
40,860	24,683	0,072
40,880	22,325	0,068
40,900	19,656	0,061
40,920	16,734	0,056
40,940	13,554	0,050
40,960	10,186	0,043
40,980	6,706	0,028
41,000	3,096	0,023
41,020	-0,513	0,013
41,040	-4,176	0,006
41,060	-7,748	-0,010
41,080	-11,223	-0,018
41,100	-14,531	-0,031
41,120	-17,631	-0,032
41,140	-20,536	-0,047
41,160	-23,115	-0,052
41,180	-25,392	-0,063
41,200	-27,266	-0,069
41,220	-28,819	-0,079
41,240	-29,914	-0,077
41,260	-30,639	-0,080
41,280	-30,886	-0,084
41,300	-30,774	-0,087
41,320	-30,210	-0,085
41,340	-29,248	-0,083
41,360	-27,793	-0,085
41,380	-26,031	-0,078
41,400	-23,899	-0,077
41,420	-21,406	-0,074
41,440	-18,592	-0,069
41,460	-15,563	-0,056
41,480	-12,308	-0,051
41,500	-8,886	-0,040
41,520	-5,299	-0,033
41,540	-1,689	-0,019
41,560	1,947	-0,013
41,580	5,583	0,001
41,600	9,101	0,004
41,620	12,533	0,017
41,640	15,756	0,028
41,660	18,775	0,036
41,680	21,557	0,047
41,700	23,995	0,056
41,720	26,106	0,063
41,740	27,857	0,070
41,760	29,211	0,072
41,780	30,161	0,079
41,800	30,704	0,079
41,820	30,806	0,083
41,840	30,505	0,083
41,860	29,753	0,082
41,880	28,615	0,083
41,900	27,078	0,080
41,920	25,166	0,074
41,940	22,878	0,072
41,960	20,279	0,067
41,980	17,405	0,064
42,000	14,284	0,048
42,020	10,949	0,048
42,040	7,490	0,039
42,060	3,945	0,028
42,080	0,303	0,012
42,100	-3,327	0,008
42,120	-6,931	-0,005
42,140	-10,433	-0,009
42,160	-13,763	-0,024
42,180	-16,916	-0,031
42,200	-19,865	-0,045
42,220	-22,491	-0,048
42,240	-24,855	-0,057
42,260	-26,826	-0,069
42,280	-28,443	-0,073
42,300	-29,630	-0,079
42,320	-30,473	-0,081
42,340	-30,784	-0,083
42,360	-30,806	-0,085
42,380	-30,317	-0,083
42,400	-29,442	-0,087
42,420	-28,136	-0,082
42,440	-26,450	-0,085
42,460	-24,355	-0,074
42,480	-21,960	-0,075
42,500	-19,242	-0,066
42,520	-16,272	-0,057
42,540	-13,054	-0,049
42,560	-9,676	-0,044
42,580	-6,120	-0,034
42,600	-2,522	-0,028
42,620	1,147	-0,014
42,640	4,761	-0,008
42,660	8,317	0,009
42,680	11,771	0,011
42,700	15,063	0,023
42,720	18,119	0,031
42,740	20,955	0,046
42,760	23,490	0,049
42,780	25,655	0,058
42,800	27,497	0,062
42,820	28,937	0,071
42,840	29,990	0,072
42,860	30,618	0,080
42,880	30,833	0,077
42,900	30,607	0,082
42,920	29,952	0,080
42,940	28,905	0,080
42,960	27,454	0,081
42,980	25,634	0,074
43,000	23,415	0,071
43,020	20,885	0,065
43,040	18,071	0,063
43,060	15,004	0,053
43,080	11,712	0,048
43,100	8,274	0,032
43,120	4,735	0,034
43,140	1,109	0,015
43,160	-2,532	0,013
43,180	-6,126	-0,002
43,200	-9,665	-0,007
43,220	-13,049	-0,019
43,240	-16,218	-0,027
43,260	-19,215	-0,039
43,280	-21,922	-0,044
43,300	-24,361	-0,059
43,320	-26,396	-0,061
43,340	-28,110	-0,076
43,360	-29,393	-0,072
43,380	-30,317	-0,079
43,400	-30,731	-0,078
43,420	-30,817	-0,081
43,440	-30,430	-0,082
43,460	-29,667	-0,081
43,480	-28,427	-0,085
43,500	-26,831	-0,083
43,520	-24,828	-0,079
43,540	-22,502	-0,076
43,560	-19,838	-0,062
43,580	-16,916	-0,064
43,600	-13,758	-0,053
43,620	-10,412	-0,050
43,640	-6,905	-0,039
43,660	-3,311	-0,031
43,680	0,341	-0,019
43,700	3,977	-0,009
43,720	7,533	-0,001
43,740	11,019	0,010
43,760	14,338	0,020
43,780	17,464	0,030
43,800	20,338	0,042
43,820	22,953	0,043
43,840	25,198	0,056
43,860	27,132	0,064
43,880	28,636	0,065
43,900	29,791	0,071
43,920	30,510	0,077
43,940	30,811	0,077
43,960	30,693	0,087
43,980	30,135	0,081
44,000	29,178	0,081
44,020	27,809	0,076
44,040	26,058	0,078
44,060	23,942	0,072
44,080	21,471	0,068
44,100	18,710	0,060
44,120	15,702	0,055
44,140	12,458	0,043
44,160	9,042	0,042
44,180	5,513	0,027
44,200	1,920	0,023
44,220	-1,732	0,009
44,240	-5,342	0,002
44,260	-8,897	-0,005
44,280	-12,297	-0,015
44,300	-15,557	-0,027
44,320	-18,592	-0,035
44,340	-21,353	-0,043
44,360	-23,834	-0,052
44,380	-25,988	-0,062
44,400	-27,777	-0,068
44,420	-29,146	-0,074
44,440	-30,135	-0,077
44,460	-30,672	-0,078
44,480	-30,838	-0,083
44,500	-30,586	-0,081
44,520	-29,855	-0,085
44,540	-28,760	-0,080
44,560	-27,170	-0,081
44,580	-25,295	-0,075
44,600	-23,061	-0,074
44,620	-20,450	-0,067
44,640	-17,577	-0,065
44,660	-14,483	-0,053
44,680	-11,169	-0,048
44,700	-7,694	-0,039
44,720	-4,112	-0,034
44,740	-0,470	-0,015
44,760	3,172	-0,011
44,780	6,765	0,001
44,800	10,256	0,011
44,820	13,624	0,021
44,840	16,787	0,024
44,860	19,725	0,037
44,880	22,395	0,043
44,900	24,720	0,053
44,920	26,729	0,058
44,940	28,335	0,068
44,960	29,581	0,067
44,980	30,392	0,077
45,000	30,779	0,073
45,020	30,752	0,082
45,040	30,306	0,078
45,060	29,431	0,084
45,080	28,147	0,074
45,100	26,471	0,077
45,120	24,452	0,064
45,140	22,035	0,072
45,160	19,349	0,056
45,180	16,395	0,057
45,200	13,199	0,044
45,220	9,805	0,047
45,240	6,308	0,029
45,260	2,715	0,027
45,280	-0,905	0,006
45,300	-4,552	0,005
45,320	-8,124	-0,008
45,340	-11,594	-0,007
45,360	-14,859	-0,030
45,380	-17,958	-0,027
45,400	-20,783	-0,049
45,420	-23,356	-0,046
45,440	-25,542	-0,062
45,460	-27,417	-0,067
45,480	-28,894	-0,077
45,500	-29,963	-0,073
45,520	-30,629	-0,078
45,540	-30,849	-0,078
45,560	-30,698	-0,082
45,580	-30,065	-0,077
45,600	-29,050	-0,081
45,620	-27,578	-0,078
45,640	-25,752	-0,073
45,660	-23,587	-0,075
45,680	-21,090	-0,069
45,700	-18,238	-0,063
45,720	-15,198	-0,052
45,740	-11,927	-0,048
45,760	-8,489	-0,036
45,780	-4,917	-0,032
45,800	-1,281	-0,019
45,820	2,371	-0,007
45,840	5,975	0,002
45,860	9,467	0,006
45,880	12,883	0,018
45,900	16,116	0,026
45,920	19,086	0,041
45,940	21,825	0,047
45,960	24,221	0,053
45,980	26,316	0,060
46,000	28,018	0,063
46,020	29,329	0,077
46,040	30,242	0,072
46,060	30,736	0,080
46,080	30,790	0,077
46,100	30,446	0,080
46,120	29,656	0,077
46,140	28,469	0,079
46,160	26,880	0,072
46,180	24,941	0,072
46,200	22,620	0,062
46,220	19,983	0,064
46,240	17,083	0,052
46,260	13,935	0,052
46,280	10,578	0,037
46,300	7,125	0,031
46,320	3,531	0,023
46,340	-0,094	0,015
46,360	-3,741	0,002
46,380	-7,323	-0,006
46,400	-10,820	-0,016
46,420	-14,156	-0,026
46,440	-17,287	-0,033
46,460	-20,209	-0,041
46,480	-22,771	-0,049
46,500	-25,113	-0,055
46,520	-27,073	-0,065
46,540	-28,647	-0,072
46,560	-29,791	-0,076
46,580	-30,537	-0,080
46,600	-30,844	-0,081
46,620	-30,784	-0,082
46,640	-30,263	-0,082
46,660	-29,340	-0,080
46,680	-27,970	-0,081
46,700	-26,235	-0,075
46,720	-24,140	-0,077
46,740	-21,675	-0,069
46,760	-18,952	-0,064
46,780	-15,906	-0,058
46,800	-12,705	-0,048
46,820	-9,273	-0,042
46,840	-5,718	-0,034
46,860	-2,114	-0,020
46,880	1,539	-0,008
46,900	5,170	0,002
46,920	8,688	0,004
46,940	12,136	0,017
46,960	15,391	0,029
46,980	18,447	0,038
47,000	21,240	0,048
47,020	23,738	0,057
47,040	25,870	0,058
47,060	27,669	0,072
47,080	29,071	0,071
47,100	30,065	0,079
47,120	30,661	0,077
47,140	30,806	0,083
47,160	30,564	0,079
47,180	29,871	0,081
47,200	28,770	0,078
47,220	27,272	0,079
47,240	25,408	0,072
47,260	23,163	0,077
47,280	20,606	0,058
47,300	17,760	0,064
47,320	14,666	0,044
47,340	11,363	0,048
47,360	7,904	0,030
47,380	4,364	0,028
47,400	0,733	0,011
47,420	-2,903	0,008
47,440	-6,502	-0,007
47,460	-10,036	-0,013
47,480	-13,409	-0,027
47,500	-16,567	-0,028
47,520	-19,532	-0,046
47,540	-22,223	-0,048
47,560	-24,608	-0,061
47,580	-26,622	-0,064
47,600	-28,319	-0,076
47,620	-29,538	-0,077
47,640	-30,408	-0,082
47,660	-30,822	-0,083
47,680	-30,849	-0,090
47,700	-30,430	-0,082
47,720	-29,619	-0,088
47,740	-28,319	-0,083
47,760	-26,686	-0,085
47,780	-24,640	-0,075
47,800	-22,293	-0,074
47,820	-19,596	-0,065
47,840	-16,637	-0,063
47,860	-13,452	-0,049
47,880	-10,073	-0,048
47,900	-6,555	-0,034
47,920	-2,925	-0,029
47,940	0,696	-0,012
47,960	4,353	-0,006
47,980	7,898	0,009
48,000	11,368	0,014
48,020	14,677	0,028
48,040	17,776	0,035
48,060	20,628	0,046
48,080	23,211	0,052
48,100	25,424	0,066
48,120	27,299	0,064
48,140	28,792	0,075
48,160	29,882	0,074
48,180	30,570	0,081
48,200	30,817	0,077
48,220	30,661	0,085
48,240	30,070	0,079
48,260	29,044	0,082
48,280	27,642	0,079
48,300	25,854	0,078
48,320	23,700	0,069
48,340	21,192	0,066
48,360	18,409	0,059
48,380	15,380	0,055
48,400	12,104	0,047
48,420	8,682	0,036
48,440	5,164	0,027
48,460	1,555	0,020
48,480	-2,092	0,010
48,500	-5,707	-0,002
48,520	-9,246	-0,010
48,540	-12,652	-0,021
48,560	-15,864	-0,031
48,580	-18,893	-0,040
48,600	-21,621	-0,049
48,620	-24,076	-0,060
48,640	-26,187	-0,069
48,660	-27,922	-0,073
48,680	-29,275	-0,077
48,700	-30,204	-0,084
48,720	-30,725	-0,081
48,740	-30,838	-0,086
48,760	-30,494	-0,087
48,780	-29,802	-0,089
48,800	-28,598	-0,084
48,820	-27,057	-0,083
48,840	-25,070	-0,079
48,860	-22,819	-0,073
48,880	-20,187	-0,065
48,900	-17,298	-0,063
48,920	-14,161	-0,051
48,940	-10,825	-0,048
48,960	-7,329	-0,035
48,980	-3,768	-0,035
49,000	-0,110	-0,018
49,020	3,548	-0,008
49,040	7,114	-0,000
49,060	10,594	0,014
49,080	13,957	0,023
49,100	17,094	0,032
49,120	20,005	0,043
49,140	22,647	0,048
49,160	24,957	0,059
49,180	26,906	0,065
49,200	28,486	0,069
49,220	29,673	0,076
49,240	30,451	0,078
49,260	30,795	0,082
49,280	30,720	0,083
49,300	30,237	0,081
49,320	29,313	0,084
49,340	27,991	0,078
49,360	26,278	0,077
49,380	24,216	0,072
49,400	21,777	0,072
49,420	19,059	0,066
49,440	16,084	0,059
49,460	12,840	0,052
49,480	9,450	0,045
49,500	5,938	0,030
49,520	2,361	0,025
49,540	-1,276	0,012
49,560	-4,890	0,006
49,580	-8,468	-0,008
49,600	-11,900	-0,012
49,620	-15,181	-0,027
49,640	-18,227	-0,032
49,660	-21,031	-0,043
49,680	-23,544	-0,053
49,700	-25,741	-0,064
49,720	-27,573	-0,070
49,740	-28,980	-0,078
49,760	-30,059	-0,077
49,780	-30,607	-0,083
49,800	-30,833	-0,081
49,820	-30,613	-0,083
49,840	-29,957	-0,084
49,860	-28,894	-0,083
49,880	-27,401	-0,087
49,900	-25,553	-0,077
49,920	-23,329	-0,077
49,940	-20,794	-0,072
49,960	-17,931	-0,066
49,980	-14,865	-0,054
50,000	-11,561	-0,055
50,020	-8,113	-0,044
50,040	-4,536	-0,036
50,060	-0,905	-0,019
50,080	2,758	-0,017
50,100	6,357	0,002
50,120	9,853	0,006
50,140	13,232	0,019
50,160	16,411	0,027
50,180	19,382	0,038
50,200	22,094	0,048
50,220	24,457	0,056
50,240	26,509	0,059
50,260	28,163	0,069
50,280	29,442	0,070
50,300	30,317	0,078
50,320	30,763	0,077
50,340	30,774	0,085
50,360	30,382	0,081
50,380	29,554	0,083
50,400	28,319	0,081
50,420	26,676	0,075
50,440	24,715	0,076
50,460	22,341	0,070
50,480	19,677	0,063
50,500	16,755	0,063
50,520	13,592	0,048
50,540	10,229	0,048
50,560	6,733	0,035
50,580	3,129	0,026
50,600	-0,470	0,017
50,620	-4,106	0,009
50,640	-7,683	-0,000
50,660	-11,169	-0,010
50,680	-14,483	-0,023
50,700	-17,593	-0,027
50,720	-20,440	-0,041
50,740	-23,061	-0,048
50,760	-25,279	-0,060
50,780	-27,240	-0,068
50,800	-28,727	-0,073
50,820	-29,866	-0,077
50,840	-30,559	-0,077
50,860	-30,822	-0,080
50,880	-30,698	-0,085
50,900	-30,167	-0,080
50,920	-29,168	-0,081
50,940	-27,766	-0,078
50,960	-25,988	-0,078
50,980	-23,856	-0,076
51,000	-21,385	-0,069
51,020	-18,587	-0,066
51,040	-15,557	-0,059
51,060	-12,319	-0,055
51,080	-8,908	-0,039
51,100	-5,331	-0,031
51,120	-1,705	-0,025
51,140	1,920	-0,015
51,160	5,546	-0,005
51,180	9,074	0,005
51,200	12,496	0,014
51,220	15,735	0,024
51,240	18,742	0,035
51,260	21,509	0,041
51,280	23,969	0,049
51,300	26,085	0,057
51,320	27,825	0,064
51,340	29,200	0,068
51,360	30,161	0,077
51,380	30,693	0,077
51,400	30,806	0,081
51,420	30,516	0,082
51,440	29,759	0,081
51,460	28,636	0,075
51,480	27,078	0,082
51,500	25,188	0,069
51,520	22,905	0,069
51,540	20,311	0,064
51,560	17,437	0,059
51,580	14,317	0,050
51,600	10,987	0,047
51,620	7,522	0,035
51,640	3,934	0,028
51,660	0,330	0,018
51,680	-3,317	0,009
51,700	-6,910	-0,002
51,720	-10,428	-0,007
51,740	-13,790	-0,017
51,760	-16,916	-0,027
51,780	-19,865	-0,041
51,800	-22,491	-0,048
51,820	-24,860	-0,058
51,840	-26,837	-0,060
51,860	-28,464	-0,071
51,880	-29,673	-0,073
51,900	-30,478	-0,079
51,920	-30,838	-0,077
51,940	-30,779	-0,078
51,960	-30,344	-0,081
51,980	-29,452	-0,082
52,000	-28,153	-0,081
52,020	-26,445	-0,073
52,040	-24,404	-0,074
52,060	-21,970	-0,073
52,080	-19,269	-0,066
52,100	-16,245	-0,059
52,120	-13,087	-0,052
52,140	-9,671	-0,044
52,160	-6,153	-0,033
52,180	-2,549	-0,027
52,200	1,115	-0,014
52,220	4,735	-0,002
52,240	8,296	0,003
52,260	11,728	0,014
52,280	15,031	0,023
52,300	18,087	0,031
52,320	20,923	0,042
52,340	23,453	0,045
52,360	25,634	0,059
52,380	27,476	0,061
52,400	28,921	0,068
52,420	29,984	0,072
52,440	30,613	0,077
52,460	30,817	0,079
52,480	30,613	0,080
52,500	29,952	0,074
52,520	28,921	0,079
52,540	27,460	0,075
52,560	25,644	0,073
52,580	23,448	0,068
52,600	20,912	0,063
52,620	18,114	0,060
52,640	15,042	0,048
52,660	11,755	0,048
52,680	8,328	0,032
52,700	4,772	0,028
52,720	1,152	0,016
52,740	-2,473	0,011
52,760	-6,088	-0,003
52,780	-9,622	-0,010
52,800	-13,033	-0,021
52,820	-16,223	-0,023
52,840	-19,204	-0,037
52,860	-21,922	-0,044
52,880	-24,307	-0,056
52,900	-26,418	-0,058
52,920	-28,131	-0,071
52,940	-29,469	-0,071
52,960	-30,333	-0,077
52,980	-30,768	-0,077
53,000	-30,870	-0,081
53,020	-30,494	-0,081
53,040	-29,721	-0,082
53,060	-28,507	-0,077
53,080	-26,890	-0,079
53,100	-24,898	-0,070
53,120	-22,561	-0,072
53,140	-19,913	-0,063
53,160	-17,013	-0,060
53,180	-13,817	-0,046
53,200	-10,466	-0,046
53,220	-6,980	-0,035
53,240	-3,344	-0,026
53,260	0,282	-0,010
53,280	3,934	-0,006
53,300	7,501	0,010
53,320	10,965	0,010
53,340	14,317	0,027
53,360	17,421	0,032
53,380	20,322	0,043
53,400	22,932	0,043
53,420	25,188	0,058
53,440	27,089	0,060
53,460	28,625	0,072
53,480	29,796	0,072
53,500	30,510	0,080
53,520	30,801	0,077
53,540	30,698	0,083
53,560	30,151	0,080
53,580	29,200	0,079
53,600	27,825	0,076
53,620	26,085	0,075
53,640	23,979	0,069
53,660	21,503	0,065
53,680	18,759	0,056
53,700	15,756	0,056
53,720	12,496	0,042
53,740	9,117	0,038
53,760	5,578	0,027
53,780	1,979	0,016
53,800	-1,662	0,008
53,820	-5,272	-0,002
53,840	-8,844	-0,011
53,860	-12,260	-0,018
53,880	-15,504	-0,030
53,900	-18,528	-0,038
53,920	-21,331	-0,047
53,940	-23,797	-0,052
53,960	-25,967	-0,065
53,980	-27,734	-0,069
54,000	-29,178	-0,075
54,020	-30,140	-0,078
54,040	-30,704	-0,081
54,060	-30,838	-0,081
54,080	-30,607	-0,085
54,100	-29,909	-0,083
54,120	-28,786	-0,084
54,140	-27,256	-0,081
54,160	-25,365	-0,072
54,180	-23,120	-0,070
54,200	-20,531	-0,064
54,220	-17,647	-0,060
54,240	-14,574	-0,048
54,260	-11,239	-0,049
54,280	-7,769	-0,029
54,300	-4,176	-0,028
54,320	-0,534	-0,015
54,340	3,096	-0,008
54,360	6,706	0,002
54,380	10,186	0,016
54,400	13,570	0,023
54,420	16,744	0,032
54,440	19,672	0,041
54,460	22,368	0,045
54,480	24,694	0,057
54,500	26,697	0,065
54,520	28,319	0,069
54,540	29,565	0,073
54,560	30,382	0,080
54,580	30,779	0,082
54,600	30,763	0,083
54,620	30,306	0,078
54,640	29,436	0,081
54,660	28,169	0,078
54,680	26,493	0,081
54,700	24,484	0,072
54,720	22,083	0,068
54,740	19,392	0,061
54,760	16,438	0,058
54,780	13,242	0,048
54,800	9,885	0,041
54,820	6,367	0,030
54,840	2,785	0,025
54,860	-0,851	0,010
54,880	-4,466	0,002
54,900	-8,038	-0,011
54,920	-11,497	-0,015
54,940	-14,789	-0,029
54,960	-17,878	-0,035
54,980	-20,730	-0,048
55,000	-23,254	-0,054
55,020	-25,505	-0,064
55,040	-27,342	-0,069
55,060	-28,867	-0,076
55,080	-29,920	-0,078
55,100	-30,596	-0,085
55,120	-30,833	-0,083
55,140	-30,666	-0,083
55,160	-30,059	-0,086
55,180	-29,060	-0,083
55,200	-27,578	-0,082
55,220	-25,789	-0,077
55,240	-23,614	-0,074
55,260	-21,122	-0,068
55,280	-18,302	-0,063
55,300	-15,246	-0,057
55,320	-11,980	-0,046
55,340	-8,532	-0,040
55,360	-4,971	-0,030
55,380	-1,351	-0,023
55,400	2,312	-0,010
55,420	5,916	0,002
55,440	9,424	0,011
55,460	12,845	0,023
55,480	16,062	0,031
55,500	19,043	0,041
55,520	21,793	0,050
55,540	24,199	0,056
55,560	26,273	0,064
55,580	27,986	0,070
55,600	29,318	0,073
55,620	30,242	0,078
55,640	30,725	0,081
55,660	30,801	0,086
55,680	30,457	0,087
55,700	29,673	0,083
55,720	28,496	0,084
55,740	26,890	0,082
55,760	24,968	0,074
55,780	22,647	0,074
55,800	20,026	0,065
55,820	17,131	0,063
55,840	13,973	0,048
55,860	10,643	0,043
55,880	7,173	0,029
55,900	3,574	0,026
55,920	-0,051	0,012
55,940	-3,666	0,008
55,960	-7,275	-0,007
55,980	-10,740	-0,011
56,000	-14,080	-0,026
56,020	-17,233	-0,029
56,040	-20,117	-0,048
56,060	-22,722	-0,047
56,080	-25,010	-0,066
56,100	-27,003	-0,068
56,120	-28,572	-0,075
56,140	-29,721	-0,077
56,160	-30,548	-0,081
56,180	-30,768	-0,081
56,200	-30,731	-0,087
56,220	-30,220	-0,082
56,240	-29,313	-0,086
56,260	-27,975	-0,082
56,280	-26,198	-0,080
56,300	-24,140	-0,076
56,320	-21,680	-0,073
56,340	-18,925	-0,070
56,360	-15,939	-0,058
56,380	-12,711	-0,054
56,400	-9,300	-0,044
56,420	-5,755	-0,035
56,440	-2,151	-0,024
56,460	1,485	-0,014
56,480	5,137	-0,006
56,500	8,656	0,008
56,520	12,104	0,016
56,540	15,359	0,026
56,560	18,404	0,037
56,580	21,213	0,046
56,600	23,705	0,052
56,620	25,843	0,060
56,640	27,637	0,067
56,660	29,050	0,071
56,680	30,059	0,073
56,700	30,645	0,081
56,720	30,817	0,084
56,740	30,575	0,089
56,760	29,877	0,082
56,780	28,792	0,085
56,800	27,277	0,083
56,820	25,435	0,074
56,840	23,195	0,078
56,860	20,628	0,067
56,880	17,781	0,065
56,900	14,698	0,054
56,920	11,395	0,046
56,940	7,925	0,035
56,960	4,375	0,031
56,980	0,765	0,014
57,000	-2,882	0,010
57,020	-6,486	-0,003
57,040	-10,009	-0,005
57,060	-13,361	-0,019
57,080	-16,546	-0,028
57,100	-19,521	-0,039
57,120	-22,185	-0,046
57,140	-24,565	-0,056
57,160	-26,633	-0,065
57,180	-28,265	-0,073
57,200	-29,517	-0,074
57,220	-30,371	-0,079
57,240	-30,795	-0,079
57,260	-30,811	-0,085
57,280	-30,403	-0,084
57,300	-29,554	-0,085
57,320	-28,303	-0,083
57,340	-26,633	-0,077
57,360	-24,656	-0,077
57,380	-22,260	-0,074
57,400	-19,586	-0,064
57,420	-16,626	-0,064
57,440	-13,463	-0,055
57,460	-10,084	-0,048
57,480	-6,555	-0,036
57,500	-2,973	-0,030
57,520	0,696	-0,016
57,540	4,316	-0,012
57,560	7,887	0,001
57,580	11,336	0,010
57,600	14,650	0,022
57,620	17,754	0,029
57,640	20,595	0,040
57,660	23,179	0,046
57,680	25,397	0,058
57,700	27,266	0,061
57,720	28,770	0,070
57,740	29,882	0,072
57,760	30,564	0,075
57,780	30,817	0,078
57,800	30,661	0,080
57,820	30,075	0,081
57,840	29,087	0,082
57,860	27,653	0,079
57,880	25,891	0,076
57,900	23,732	0,072
57,920	21,235	0,066
57,940	18,447	0,064
57,960	15,428	0,057
57,980	12,136	0,050
58,000	8,747	0,039
58,020	5,191	0,032
58,040	1,571	0,023
58,060	-2,092	0,013
58,080	-5,664	0,006
58,100	-9,225	-0,006
58,120	-12,646	-0,015
58,140	-15,864	-0,029
58,160	-18,893	-0,033
58,180	-21,637	-0,044
58,200	-24,065	-0,052
58,220	-26,219	-0,056
58,240	-27,932	-0,064
58,260	-29,329	-0,074
58,280	-30,247	-0,073
58,300	-30,752	-0,080
58,320	-30,854	-0,080
58,340	-30,575	-0,081
58,360	-29,812	-0,085
58,380	-28,657	-0,077
58,400	-27,100	-0,081
58,420	-25,123	-0,074
58,440	-22,846	-0,073
58,460	-20,236	-0,069
58,480	-17,314	-0,065
58,500	-14,198	-0,052
58,520	-10,879	-0,048
58,540	-7,361	-0,035
58,560	-3,795	-0,033
58,580	-0,132	-0,017
58,600	3,510	-0,013
58,620	7,087	-0,001
58,640	10,573	0,006
58,660	13,941	0,022
58,680	17,061	0,025
58,700	19,972	0,043
58,720	22,636	0,043
58,740	24,930	0,053
58,760	26,885	0,056
58,780	28,469	0,068
58,800	29,673	0,065
58,820	30,441	0,078
58,840	30,801	0,074
58,860	30,736	0,084
58,880	30,242	0,077
58,900	29,340	0,081
58,920	28,008	0,078
58,940	26,321	0,076
58,960	24,248	0,073
58,980	21,825	0,066
59,000	19,108	0,060
59,020	16,127	0,056
59,040	12,915	0,050
59,060	9,504	0,041
59,080	6,018	0,033
59,100	2,404	0,023
59,120	-1,222	0,012
59,140	-4,858	0,002
59,160	-8,414	-0,001
59,180	-11,873	-0,016
59,200	-15,133	-0,027
59,220	-18,205	-0,035
59,240	-21,036	-0,039
59,260	-23,528	-0,049
59,280	-25,714	-0,056
59,300	-27,573	-0,066
59,320	-29,028	-0,069
59,340	-30,038	-0,079
59,360	-30,661	-0,077
59,380	-30,854	-0,081
59,400	-30,650	-0,077
59,420	-30,043	-0,081
59,440	-28,931	-0,081
59,460	-27,470	-0,081
59,480	-25,564	-0,073
59,500	-23,421	-0,070
59,520	-20,859	-0,066
59,540	-18,012	-0,064
59,560	-14,924	-0,052
59,580	-11,653	-0,049
59,600	-8,172	-0,031
59,620	-4,611	-0,032
59,640	-0,969	-0,021
59,660	2,667	-0,010
59,680	6,298	-0,000
59,700	9,789	0,009
59,720	13,194	0,020
59,740	16,374	0,027
59,760	19,344	0,039
59,780	22,078	0,047
59,800	24,436	0,055
59,820	26,477	0,062
59,840	28,153	0,064
59,860	29,436	0,072
59,880	30,306	0,075
59,900	30,752	0,081
59,920	30,779	0,080
59,940	30,387	0,085
59,960	29,576	0,081
59,980	28,335	0,076
60,000	26,729	0,077
60,020	24,737	0,069
60,040	22,395	0,071
60,060	19,736	0,060
60,080	16,814	0,061
60,100	13,624	0,043
60,120	10,299	0,042
60,140	6,792	0,032
60,160	3,220	0,027
60,180	-0,411	0,009
60,200	-4,042	0,006
60,220	-7,630	-0,010
60,240	-11,099	-0,012
60,260	-14,397	-0,027
60,280	-17,539	-0,034
60,300	-20,407	-0,045
60,320	-22,964	-0,049
60,340	-25,258	-0,063
60,360	-27,164	-0,064
