--- Pendolo di torsione ---
Tempo,Forzante,Pendolo,Ampiezza,Fase
0,000	-18,611	-0,237	0,611	-90,093
0,020	-15,506	-0,256	0,611	-90,157
0,040	-12,192	-0,274	0,611	-90,270
0,060	-8,642	-0,287	0,611	-90,429
0,080	-5,033	-0,296	0,611	-90,835
0,100	-1,278	-0,300	0,611	-90,835
0,120	2,471	-0,305	0,616	-91,057
0,140	6,155	-0,298	0,616	-91,275
0,160	9,770	-0,291	0,616	-91,473
0,180	13,240	-0,276	0,616	-91,641
0,200	16,521	-0,258	0,616	-91,765
0,220	19,540	-0,241	0,616	-91,841
0,240	22,317	-0,216	0,616	-91,861
0,260	24,696	-0,185	0,616	-91,826
0,280	26,753	-0,156	0,616	-91,735
0,300	28,392	-0,124	0,616	-91,594
0,320	29,638	-0,088	0,616	-91,413
0,340	30,422	-0,055	0,616	-91,201
0,360	30,771	-0,017	0,616	-90,972
0,380	30,674	0,020	0,616	-90,738
0,400	30,132	0,058	0,616	-90,514
0,420	29,154	0,091	0,616	-90,313
0,440	27,731	0,127	0,616	-90,147
0,460	25,932	0,157	0,616	-90,027
0,480	23,719	0,194	0,616	-89,959
0,500	21,162	0,214	0,616	-89,951
0,520	18,299	0,243	0,616	-92,542
0,540	15,146	0,261	0,616	-92,470
0,560	11,773	0,281	0,616	-92,347
0,580	8,255	0,296	0,616	-92,179
0,600	4,598	0,306	0,616	-91,977
0,620	0,881	0,310	0,616	-91,754
0,640	-2,852	0,310	0,616	-91,528
0,660	-6,521	0,305	0,616	-91,311
0,680	-10,157	0,294	0,616	-91,119
0,700	-13,605	0,277	0,616	-90,962
0,720	-16,865	0,267	0,616	-90,853
0,740	-19,895	0,244	0,616	-90,794
0,760	-22,575	0,221	0,616	-90,795
0,780	-24,959	0,190	0,616	-90,855
0,800	-26,941	0,157	0,616	-90,973
0,820	-28,617	0,125	0,616	-91,141
0,840	-29,777	0,090	0,616	-91,349
0,860	-30,535	0,053	0,616	-91,586
0,880	-30,809	0,019	0,616	-91,838
0,900	-30,658	-0,013	0,616	-92,091
0,920	-30,094	-0,054	0,616	-92,331
0,940	-29,047	-0,086	0,616	-92,545
0,960	-27,586	-0,130	0,616	-92,720
0,980	-25,711	-0,153	0,616	-92,844
1,000	-23,450	-0,190	0,616	-92,918
1,020	-20,867	-0,212	0,616	-92,930
1,040	-17,934	-0,241	0,616	-92,884
1,060	-14,776	-0,255	0,616	-92,779
1,080	-11,408	-0,277	0,616	-92,626
1,100	-7,799	-0,287	0,616	-92,206
1,120	-4,146	-0,301	0,616	-92,206
1,140	-0,414	-0,301	0,616	-91,963
1,160	3,346	-0,302	0,616	-91,722
1,180	7,025	-0,295	0,616	-91,491
1,200	10,592	-0,287	0,616	-91,287
1,220	14,029	-0,269	0,616	-91,121
1,240	17,252	-0,254	0,616	-91,007
1,260	20,211	-0,231	0,616	-90,946
1,280	22,897	-0,204	0,616	-90,944
1,300	25,207	-0,179	0,616	-91,003
1,320	27,183	-0,147	0,616	-91,119
1,340	28,725	-0,115	0,616	-91,285
1,360	29,858	-0,078	0,616	-91,491
1,380	30,551	-0,043	0,616	-91,729
1,400	30,792	-0,005	0,616	-91,981
1,420	30,599	0,028	0,616	-92,230
1,440	29,928	0,061	0,616	-92,462
1,460	28,854	0,099	0,616	-92,663
1,480	27,317	0,133	0,616	-92,823
1,500	25,443	0,162	0,616	-92,932
1,520	23,149	0,196	0,616	-92,985
1,540	20,512	0,219	0,616	-92,977
1,560	17,590	0,249	0,616	-92,910
1,580	14,389	0,262	0,616	-92,789
1,600	10,979	0,286	0,616	-92,623
1,620	7,423	0,293	0,616	-92,416
1,640	3,754	0,305	0,616	-92,186
1,660	0,011	0,307	0,616	-91,944
1,680	-3,711	0,312	0,617	-91,705
1,700	-7,412	0,298	0,617	-91,480
1,720	-10,968	0,294	0,617	-91,288
1,740	-14,384	0,273	0,617	-91,134
1,760	-17,585	0,260	0,617	-91,034
1,780	-20,534	0,235	0,617	-90,990
1,800	-23,166	0,212	0,617	-91,004
1,820	-25,486	0,182	0,617	-91,076
1,840	-27,393	0,153	0,617	-91,203
1,860	-28,918	0,120	0,617	-91,375
1,880	-29,998	0,082	0,617	-91,583
1,900	-30,631	0,049	0,617	-91,815
1,920	-30,857	0,012	0,617	-92,056
1,940	-30,578	-0,026	0,617	-92,294
1,960	-29,933	-0,061	0,617	-92,513
1,980	-28,741	-0,095	0,617	-92,701
2,000	-27,248	-0,130	0,617	-92,848
2,020	-25,228	-0,158	0,617	-92,942
2,040	-22,908	-0,192	0,617	-92,981
2,060	-20,195	-0,216	0,617	-92,961
2,080	-17,220	-0,247	0,617	-92,882
2,100	-14,019	-0,258	0,617	-92,748
2,120	-10,570	-0,279	0,617	-92,571
2,140	-6,972	-0,289	0,617	-92,358
2,160	-3,271	-0,297	0,617	-92,122
2,180	0,478	-0,295	0,617	-91,875
2,200	4,189	-0,296	0,617	-91,637
2,220	7,858	-0,287	0,617	-91,416
2,240	11,408	-0,282	0,617	-91,227
2,260	14,803	-0,263	0,617	-91,081
2,280	17,972	-0,247	0,617	-90,989
2,300	20,877	-0,223	0,617	-90,953
2,320	23,493	-0,198	0,617	-91,057
2,340	25,706	-0,167	0,617	-91,057
2,360	27,564	-0,139	0,617	-91,193
2,380	29,025	-0,104	0,617	-91,374
2,400	30,051	-0,071	0,617	-91,590
2,420	30,642	-0,033	0,617	-91,827
2,440	30,782	0,000	0,617	-92,074
2,460	30,486	0,041	0,617	-92,315
2,480	29,718	0,074	0,617	-92,536
2,500	28,542	0,110	0,617	-92,724
2,520	26,915	0,141	0,617	-92,870
2,540	24,943	0,170	0,617	-92,964
2,560	22,559	0,202	0,617	-93,002
2,580	19,846	0,225	0,617	-92,979
2,600	16,865	0,252	0,617	-92,899
2,620	13,605	0,269	0,617	-92,765
2,640	10,162	0,288	0,617	-92,588
2,660	6,563	0,296	0,617	-92,374
2,680	2,900	0,301	0,617	-92,140
2,700	-0,849	0,307	0,617	-91,897
2,720	-4,555	0,305	0,617	-91,660
2,740	-8,250	0,296	0,617	-91,442
2,760	0,000	0,266	0,617	-91,260
2,780	0,000	0,252	0,617	-91,104
2,800	0,000	0,225	0,617	-90,980
2,820	0,000	0,202	0,617	-90,896
2,840	0,000	0,173	0,617	-90,849
2,860	0,000	0,141	0,617	-90,834
2,880	0,000	0,106	0,617	-90,848
2,900	0,000	0,070	0,617	-90,881
2,920	0,000	0,039	0,617	-90,924
2,940	0,000	0,003	0,617	-90,967
2,960	0,000	-0,031	0,617	-90,997
2,980	0,000	-0,071	0,617	-91,005
3,000	0,000	-0,105	0,617	-90,978
3,020	0,000	-0,137	0,617	-90,907
3,040	0,000	-0,166	0,617	-90,784
3,060	0,000	-0,199	0,617	-90,602
3,080	0,000	-0,225	0,617	-90,358
3,100	0,000	-0,246	0,617	-90,048
3,120	0,000	-0,263	0,617	-89,676
3,140	0,000	-0,274	0,617	-89,244
3,160	0,000	-0,287	0,617	-88,759
3,180	0,000	-0,290	0,617	-88,226
3,200	0,000	-0,293	0,617	-87,659
3,220	0,000	-0,290	0,617	-87,065
3,240	0,000	-0,285	0,617	-86,456
3,260	0,000	-0,271	0,617	-85,842
3,280	0,000	-0,260	0,617	-85,234
3,300	0,000	-0,235	0,617	-84,633
3,320	0,000	-0,214	0,617	-84,053
3,340	0,000	-0,190	0,617	-83,492
3,360	0,000	-0,159	0,617	-82,953
3,380	0,000	-0,128	0,617	-82,435
3,400	0,000	-0,093	0,617	-81,934
3,420	0,000	-0,058	0,617	-81,442
3,440	0,000	-0,027	0,617	-80,952
3,460	0,000	0,009	0,617	-80,455
3,480	0,000	0,044	0,617	-79,941
3,500	0,000	0,080	0,617	-79,400
3,520	0,000	0,114	0,617	-78,823
3,540	0,000	0,146	0,617	-78,198
3,560	0,000	0,177	0,617	-77,521
3,580	0,000	0,204	0,617	-76,782
3,600	0,000	0,227	0,617	-75,981
3,620	0,000	0,251	0,617	-75,113
3,640	0,000	0,264	0,617	-74,183
3,660	0,000	0,281	0,617	-73,192
3,680	0,000	0,284	0,617	-72,147
3,700	0,000	0,293	0,617	-71,056
3,720	0,000	0,291	0,617	-69,929
3,740	0,000	0,292	0,617	-67,614
3,760	0,000	0,279	0,617	-67,614
3,780	0,000	0,270	0,617	-66,449
3,800	0,000	0,252	0,617	-65,294
3,820	0,000	0,235	0,617	-64,156
3,840	0,000	0,207	0,617	-63,043
3,860	0,000	0,185	0,617	-61,964
3,880	0,000	0,154	0,617	-60,914
3,900	0,000	0,129	0,617	-59,899
3,920	0,000	0,091	0,617	-58,912
3,940	0,000	0,064	0,617	-57,953
3,960	0,000	0,027	0,617	-57,013
3,980	0,000	-0,003	0,617	-56,084
4,000	0,000	-0,042	0,617	-55,157
4,020	0,000	-0,073	0,617	-54,222
4,040	0,000	-0,107	0,617	-53,268
4,060	0,000	-0,135	0,617	-52,285
4,080	0,000	-0,167	0,617	-51,264
4,100	0,000	-0,192	0,617	-50,195
4,120	0,000	-0,217	0,617	-49,073
4,140	0,000	-0,237	0,617	-47,890
4,160	0,000	-0,254	0,617	-46,651
4,180	0,000	-0,265	0,617	-45,349
4,200	0,000	-0,274	0,617	-43,994
4,220	0,000	-0,275	0,617	-42,587
4,240	0,000	-0,276	0,617	-41,140
4,260	0,000	-0,274	0,617	-39,656
4,280	0,000	-0,269	0,617	-38,154
4,300	0,000	-0,255	0,617	-36,636
4,320	0,000	-0,241	0,617	-35,123
4,340	0,000	-0,222	0,617	-33,617
4,360	0,000	-0,195	0,617	-32,132
4,380	0,000	-0,169	0,617	-30,678
4,400	0,000	-0,146	0,617	-29,261
4,420	0,000	-0,113	0,617	-27,885
4,440	0,000	-0,083	0,617	-26,557
4,460	0,000	-0,049	0,617	-25,279
4,480	0,000	-0,014	0,617	-24,053
4,500	0,000	0,017	0,617	-22,877
4,520	0,000	0,050	0,617	-21,750
4,540	0,000	0,084	0,617	-20,668
4,560	0,000	0,113	0,617	101,813
4,580	0,000	0,148	0,617	0,000
4,600	0,000	0,173	0,617	0,000
4,620	0,000	0,198	0,617	0,000
4,640	0,000	0,220	0,617	0,000
4,660	0,000	0,241	0,617	0,000
4,680	0,000	0,252	0,617	0,000
4,700	0,000	0,269	0,617	0,000
4,720	0,000	0,273	0,617	0,000
4,740	0,000	0,280	0,617	0,000
4,760	0,000	0,277	0,617	0,000
4,780	0,000	0,275	0,617	0,000
4,800	0,000	0,264	0,617	0,000
4,820	0,000	0,256	0,617	0,000
4,840	0,000	0,235	0,617	0,000
4,860	0,000	0,218	0,617	0,000
4,880	0,000	0,192	0,617	0,000
4,900	0,000	0,173	0,617	0,000
4,920	0,000	0,140	0,617	0,000
4,940	0,000	0,116	0,617	0,000
4,960	0,000	0,081	0,617	0,000
4,980	0,000	0,051	0,617	0,000
5,000	0,000	0,017	0,617	0,000
5,020	0,000	-0,014	0,617	25,740
5,040	0,000	-0,046	0,617	-136,528
5,060	0,000	-0,080	0,617	61,209
5,080	0,000	-0,109	0,617	30,794
5,100	0,000	-0,138	0,617	-95,939
5,120	0,000	-0,164	0,614	-52,459
5,140	0,000	-0,190	0,614	-79,062
5,160	0,000	-0,207	0,614	-66,769
5,180	0,000	-0,231	0,614	-81,607
5,200	0,000	-0,250	0,614	-60,292
5,220	0,000	-0,254	0,614	-81,031
5,240	0,000	-0,263	0,614	-115,138
5,260	0,000	-0,265	0,614	-180,000
5,280	0,000	-0,265	0,614	-180,000
5,300	0,000	-0,261	0,614	91,454
5,320	0,000	-0,254	0,614	0,000
5,340	0,000	-0,242	0,614	0,000
5,360	0,000	-0,226	0,614	0,000
5,380	0,000	-0,204	0,614	0,000
5,400	0,000	-0,184	0,614	0,000
5,420	0,000	-0,155	0,614	0,000
5,440	0,000	-0,133	0,614	0,000
5,460	0,000	-0,101	0,614	0,000
5,480	0,000	-0,074	0,614	0,000
5,500	0,000	-0,038	0,614	0,000
5,520	0,000	-0,005	0,614	0,000
5,540	0,000	0,024	0,614	0,000
5,560	0,000	0,057	0,614	0,000
5,580	0,000	0,085	0,614	0,000
5,600	0,000	0,120	0,614	0,000
5,620	0,000	0,148	0,614	0,000
5,640	0,000	0,169	0,614	0,000
5,660	0,000	0,197	0,614	0,000
5,680	0,000	0,217	0,614	0,000
5,700	0,000	0,234	0,614	0,000
5,720	0,000	0,244	0,614	0,000
5,740	0,000	0,255	0,614	0,000
5,760	0,000	0,263	0,614	0,000
5,780	0,000	0,262	0,614	0,000
5,800	0,000	0,263	0,614	0,000
5,820	0,000	0,260	0,614	0,000
5,840	0,000	0,256	0,614	0,000
5,860	0,000	0,240	0,614	0,000
5,880	0,000	0,226	0,614	0,000
5,900	0,000	0,203	0,614	0,000
5,920	0,000	0,183	0,614	0,000
5,940	0,000	0,154	0,614	0,000
5,960	0,000	0,132	0,614	0,000
5,980	0,000	0,100	0,614	0,000
6,000	0,000	0,074	0,614	0,000
6,020	0,000	0,038	0,614	0,000
6,040	0,000	0,012	0,614	0,000
6,060	0,000	-0,021	0,614	0,000
6,080	0,000	-0,053	0,614	0,000
6,100	0,000	-0,080	0,614	0,000
6,120	0,000	-0,112	0,614	0,000
6,140	0,000	-0,138	0,614	0,000
6,160	0,000	-0,163	0,609	0,000
6,180	0,000	-0,185	0,609	0,000
6,200	0,000	-0,206	0,609	0,000
6,220	0,000	-0,221	0,609	0,000
6,240	0,000	-0,237	0,609	0,000
6,260	0,000	-0,245	0,609	0,000
6,280	0,000	-0,250	0,609	0,000
6,300	0,000	-0,252	0,609	0,000
6,320	0,000	-0,253	0,609	0,000
6,340	0,000	-0,246	0,609	0,000
6,360	0,000	-0,241	0,609	0,000
6,380	0,000	-0,229	0,609	0,000
6,400	0,000	-0,211	0,609	0,000
6,420	0,000	-0,189	0,609	0,000
6,440	0,000	-0,167	0,609	0,000
6,460	0,000	-0,144	0,609	0,000
6,480	0,000	-0,117	0,609	0,000
6,500	0,000	-0,091	0,609	0,000
6,520	0,000	-0,061	0,609	0,000
6,540	0,000	-0,032	0,609	0,000
6,560	0,000	0,002	0,609	0,000
6,580	0,000	0,033	0,609	0,000
6,600	0,000	0,061	0,609	0,000
6,620	0,000	0,090	0,609	0,000
6,640	0,000	0,119	0,609	0,000
6,660	0,000	0,147	0,609	0,000
6,680	0,000	0,168	0,604	0,000
6,700	0,000	0,193	0,604	0,000
6,720	0,000	0,211	0,604	0,000
6,740	0,000	0,228	0,604	0,000
6,760	0,000	0,237	0,604	0,000
6,780	0,000	0,244	0,604	0,000
6,800	0,000	0,252	0,604	0,000
6,820	0,000	0,252	0,604	0,000
6,840	0,000	0,253	0,604	0,000
6,860	0,000	0,244	0,604	0,000
6,880	0,000	0,243	0,604	0,000
6,900	0,000	0,223	0,604	0,000
6,920	0,000	0,210	0,604	0,000
6,940	0,000	0,191	0,604	0,000
6,960	0,000	0,169	0,604	0,000
6,980	0,000	0,142	0,604	0,000
7,000	0,000	0,121	0,604	0,000
7,020	0,000	0,090	0,604	0,000
7,040	0,000	0,063	0,604	0,000
7,060	0,000	0,032	0,604	0,000
7,080	0,000	0,005	0,604	0,000
7,100	0,000	-0,030	0,604	0,000
7,120	0,000	-0,054	0,604	0,000
7,140	0,000	-0,087	0,604	0,000
7,160	0,000	-0,111	0,603	0,000
7,180	0,000	-0,138	0,603	0,000
7,200	0,000	-0,157	0,600	0,000
7,220	0,000	-0,180	0,600	0,000
7,240	0,000	-0,201	0,600	0,000
7,260	0,000	-0,214	0,600	0,000
7,280	0,000	-0,228	0,600	0,000
7,300	0,000	-0,238	0,600	0,000
7,320	0,000	-0,243	0,600	0,000
7,340	0,000	-0,245	0,600	0,000
7,360	0,000	-0,240	0,600	0,000
7,380	0,000	-0,236	0,600	0,000
7,400	0,000	-0,226	0,600	0,000
7,420	0,000	-0,215	0,600	0,000
7,440	0,000	-0,196	0,600	0,000
7,460	0,000	-0,179	0,600	0,000
7,480	0,000	-0,158	0,600	0,000
7,500	0,000	-0,132	0,600	0,000
7,520	0,000	-0,108	0,600	0,000
7,540	0,000	-0,082	0,600	0,000
7,560	0,000	-0,052	0,600	0,000
7,580	0,000	-0,022	0,600	0,000
7,600	0,000	0,007	0,600	0,000
7,620	0,000	0,034	0,600	0,000
7,640	0,000	0,062	0,600	0,000
7,660	0,000	0,091	0,600	0,000
7,680	0,000	0,118	0,600	0,000
7,700	0,000	0,143	0,598	0,000
7,720	0,000	0,165	0,589	0,000
7,740	0,000	0,190	0,586	0,000
7,760	0,000	0,203	0,586	0,000
7,780	0,000	0,217	0,586	0,000
7,800	0,000	0,233	0,586	0,000
7,820	0,000	0,236	0,586	0,000
7,840	0,000	0,242	0,586	0,000
7,860	0,000	0,242	0,586	0,000
7,880	0,000	0,244	0,586	0,000
7,900	0,000	0,235	0,586	0,000
7,920	0,000	0,231	0,586	0,000
7,940	0,000	0,212	0,586	0,000
7,960	0,000	0,198	0,586	0,000
7,980	0,000	0,177	0,586	0,000
8,000	0,000	0,158	0,586	0,000
8,020	0,000	0,134	0,586	0,000
8,040	0,000	0,109	0,586	0,000
8,060	0,000	0,083	0,586	0,000
8,080	0,000	0,055	0,586	0,000
8,100	0,000	0,026	0,586	0,000
8,120	0,000	-0,001	0,586	0,000
8,140	0,000	-0,031	0,586	0,000
8,160	0,000	-0,061	0,586	0,000
8,180	0,000	-0,084	0,586	0,000
8,200	0,000	-0,112	0,582	0,000
8,220	0,000	-0,131	0,578	0,000
8,240	0,000	-0,154	0,569	0,000
8,260	0,000	-0,176	0,569	0,000
8,280	0,000	-0,196	0,569	0,000
8,300	0,000	-0,208	0,569	0,000
8,320	0,000	-0,220	0,569	0,000
8,340	0,000	-0,228	0,569	0,000
8,360	0,000	-0,235	0,569	0,000
8,380	0,000	-0,237	0,569	0,000
8,400	0,000	-0,230	0,569	0,000
8,420	0,000	-0,228	0,569	0,000
8,440	0,000	-0,216	0,569	0,000
8,460	0,000	-0,203	0,569	0,000
8,480	0,000	-0,186	0,569	0,000
8,500	0,000	-0,168	0,569	0,000
8,520	0,000	-0,146	0,569	0,000
8,540	0,000	-0,123	0,569	0,000
8,560	0,000	-0,096	0,569	0,000
8,580	0,000	-0,073	0,569	0,000
8,600	0,000	-0,047	0,569	0,000
8,620	0,000	-0,018	0,569	0,000
8,640	0,000	0,010	0,569	0,000
8,660	0,000	0,038	0,569	0,000
8,680	0,000	0,062	0,569	0,000
8,700	0,000	0,090	0,568	0,000
8,720	0,000	0,117	0,568	0,000
8,740	0,000	0,138	0,556	0,000
8,760	0,000	0,161	0,556	0,000
8,780	0,000	0,182	0,556	0,000
8,800	0,000	0,195	0,556	0,000
8,820	0,000	0,211	0,556	0,000
8,840	0,000	0,220	0,556	0,000
8,860	0,000	0,228	0,556	0,000
8,880	0,000	0,232	0,556	0,000
8,900	0,000	0,232	0,556	0,000
8,920	0,000	0,229	0,556	0,000
8,940	0,000	0,224	0,556	0,000
8,960	0,000	0,216	0,556	0,000
8,980	0,000	0,202	0,556	0,000
9,000	0,000	0,187	0,556	0,000
9,020	0,000	0,168	0,556	0,000
9,040	0,000	0,151	0,556	0,000
9,060	0,000	0,123	0,556	0,000
9,080	0,000	0,101	0,556	0,000
9,100	0,000	0,078	0,556	0,000
9,120	0,000	0,048	0,556	0,000
9,140	0,000	0,023	0,556	0,000
9,160	0,000	-0,001	0,556	0,000
9,180	0,000	-0,034	0,556	0,000
9,200	0,000	-0,059	0,556	0,000
9,220	0,000	-0,082	0,556	0,000
9,240	0,000	-0,108	0,554	0,000
9,260	0,000	-0,133	0,549	0,000
9,280	0,000	-0,152	0,545	0,000
9,300	0,000	-0,170	0,545	0,000
9,320	0,000	-0,187	0,545	0,000
9,340	0,000	-0,200	0,545	0,000
9,360	0,000	-0,212	0,545	0,000
9,380	0,000	-0,216	0,545	0,000
9,400	0,000	-0,221	0,545	0,000
9,420	0,000	-0,221	0,545	0,000
9,440	0,000	-0,212	0,545	0,000
9,460	0,000	-0,212	0,545	0,000
9,480	0,000	-0,203	0,545	0,000
9,500	0,000	-0,192	0,545	0,000
9,520	0,000	-0,177	0,545	0,000
9,540	0,000	-0,157	0,545	0,000
9,560	0,000	-0,138	0,545	0,000
9,580	0,000	-0,117	0,545	0,000
9,600	0,000	-0,092	0,545	0,000
9,620	0,000	-0,065	0,545	0,000
9,640	0,000	-0,042	0,545	0,000
9,660	0,000	-0,013	0,545	0,000
9,680	0,000	0,014	0,545	0,000
9,700	0,000	0,040	0,545	0,000
9,720	0,000	0,065	0,545	0,000
9,740	0,000	0,088	0,541	0,000
9,760	0,000	0,111	0,540	0,000
9,780	0,000	0,136	0,529	0,000
9,800	0,000	0,156	0,528	0,000
9,820	0,000	0,173	0,528	0,000
9,840	0,000	0,189	0,528	0,000
9,860	0,000	0,202	0,528	0,000
9,880	0,000	0,211	0,528	0,000
9,900	0,000	0,216	0,528	0,000
9,920	0,000	0,221	0,528	0,000
9,940	0,000	0,221	0,528	0,000
9,960	0,000	0,218	0,528	0,000
9,980	0,000	0,212	0,528	0,000
10,000	0,000	0,203	0,528	0,000
10,020	0,000	0,191	0,528	0,000
10,040	0,000	0,176	0,528	0,000
10,060	0,000	0,158	0,528	0,000
10,080	0,000	0,140	0,528	0,000
10,100	0,000	0,117	0,528	0,000
10,120	0,000	0,091	0,528	0,000
10,140	0,000	0,067	0,528	0,000
10,160	0,000	0,045	0,528	0,000
10,180	0,000	0,019	0,528	0,000
10,200	0,000	-0,005	0,528	0,000
10,220	0,000	-0,036	0,528	0,000
10,240	0,000	-0,059	0,528	0,000
10,260	0,000	-0,080	0,528	0,000
10,280	0,000	-0,103	0,524	0,000
10,300	0,000	-0,128	0,516	0,000
10,320	0,000	-0,146	0,516	0,000
10,340	0,000	-0,163	0,516	0,000
10,360	0,000	-0,179	0,516	0,000
10,380	0,000	-0,188	0,516	0,000
10,400	0,000	-0,201	0,516	0,000
10,420	0,000	-0,206	0,516	0,000
10,440	0,000	-0,210	0,516	0,000
10,460	0,000	-0,211	0,516	0,000
10,480	0,000	-0,208	0,516	0,000
10,500	0,000	-0,202	0,516	0,000
10,520	0,000	-0,189	0,516	0,000
10,540	0,000	-0,179	0,516	0,000
10,560	0,000	-0,163	0,516	0,000
10,580	0,000	-0,146	0,516	0,000
10,600	0,000	-0,129	0,516	0,000
10,620	0,000	-0,107	0,516	0,000
10,640	0,000	-0,081	0,516	0,000
10,660	0,000	-0,056	0,516	0,000
10,680	0,000	-0,036	0,516	0,000
10,700	0,000	-0,009	0,516	0,000
10,720	0,000	0,014	0,516	0,000
10,740	0,000	0,044	0,516	0,000
10,760	0,000	0,063	0,516	0,000
10,780	0,000	0,092	0,516	0,000
10,800	0,000	0,109	0,513	0,000
10,820	0,000	0,132	0,508	0,000
10,840	0,000	0,151	0,506	0,000
10,860	0,000	0,167	0,506	0,000
10,880	0,000	0,183	0,506	0,000
10,900	0,000	0,185	0,506	0,000
10,920	0,000	0,208	0,506	0,000
10,940	0,000	0,206	0,506	0,000
10,960	0,000	0,216	0,506	0,000
10,980	0,000	0,205	0,506	0,000
11,000	0,000	0,215	0,506	0,000
11,020	0,000	0,191	0,506	0,000
11,040	0,000	0,201	0,506	0,000
11,060	0,000	0,173	0,506	0,000
11,080	0,000	0,169	0,506	0,000
11,100	0,000	0,144	0,506	0,000
11,120	0,000	0,129	0,506	0,000
11,140	0,000	0,103	0,506	0,000
11,160	0,000	0,085	0,506	0,000
11,180	0,000	0,058	0,506	0,000
11,200	0,000	0,038	0,506	0,000
11,220	0,000	0,016	0,506	0,000
11,240	0,000	-0,009	0,506	0,000
11,260	0,000	-0,033	0,506	0,000
11,280	0,000	-0,062	0,506	0,000
11,300	0,000	-0,077	0,506	0,000
11,320	0,000	-0,106	0,500	0,000
11,340	0,000	-0,120	0,498	0,000
11,360	0,000	-0,143	0,498	0,000
11,380	0,000	-0,154	0,498	0,000
11,400	0,000	-0,175	0,498	0,000
11,420	0,000	-0,179	0,498	0,000
11,440	0,000	-0,192	0,498	0,000
11,460	0,000	-0,196	0,498	0,000
11,480	0,000	-0,204	0,498	0,000
11,500	0,000	-0,195	0,498	0,000
11,520	0,000	-0,198	0,498	0,000
11,540	0,000	-0,190	0,498	0,000
11,560	0,000	-0,184	0,498	0,000
11,580	0,000	-0,165	0,498	0,000
11,600	0,000	-0,154	0,498	0,000
11,620	0,000	-0,135	0,498	0,000
11,640	0,000	-0,118	0,498	0,000
11,660	0,000	-0,094	0,498	0,000
11,680	0,000	-0,074	0,498	0,000
11,700	0,000	-0,052	0,498	0,000
11,720	0,000	-0,026	0,498	0,000
11,740	0,000	-0,007	0,498	0,000
11,760	0,000	0,019	0,498	0,000
11,780	0,000	0,037	0,498	0,000
11,800	0,000	0,067	0,498	0,000
11,820	0,000	0,087	0,498	0,000
11,840	0,000	0,113	0,489	0,000
11,860	0,000	0,127	0,488	0,000
11,880	0,000	0,151	0,488	0,000
11,900	0,000	0,157	0,488	0,000
11,920	0,000	0,177	0,488	0,000
11,940	0,000	0,181	0,488	0,000
11,960	0,000	0,195	0,488	0,000
11,980	0,000	0,195	0,488	0,000
12,000	0,000	0,202	0,488	0,000
12,020	0,000	0,199	0,488	0,000
12,040	0,000	0,198	0,488	0,000
12,060	0,000	0,190	0,488	0,000
12,080	0,000	0,178	0,488	0,000
12,100	0,000	0,171	0,488	0,000
12,120	0,000	0,153	0,488	0,000
12,140	0,000	0,144	0,488	0,000
12,160	0,000	0,118	0,488	0,000
12,180	0,000	0,103	0,488	0,000
12,200	0,000	0,072	0,488	0,000
12,220	0,000	0,059	0,488	0,000
12,240	0,000	0,030	0,488	0,000
12,260	0,000	0,017	0,488	0,000
12,280	0,000	-0,018	0,488	0,000
12,300	0,000	-0,034	0,488	0,000
12,320	0,000	-0,064	0,488	0,000
12,340	0,000	-0,080	0,483	0,000
12,360	0,000	-0,103	0,480	0,000
12,380	0,000	-0,117	0,480	0,000
12,400	0,000	-0,138	0,480	0,000
12,420	0,000	-0,149	0,480	0,000
12,440	0,000	-0,163	0,480	0,000
12,460	0,000	-0,174	0,480	0,000
12,480	0,000	-0,183	0,480	0,000
12,500	0,000	-0,184	0,480	0,000
12,520	0,000	-0,191	0,480	0,000
12,540	0,000	-0,186	0,480	0,000
12,560	0,000	-0,181	0,480	0,000
12,580	0,000	-0,175	0,480	0,000
12,600	0,000	-0,166	0,480	0,000
12,620	0,000	-0,157	0,480	0,000
12,640	0,000	-0,142	0,480	0,000
12,660	0,000	-0,125	0,480	0,000
12,680	0,000	-0,107	0,480	0,000
12,700	0,000	-0,086	0,480	0,000
12,720	0,000	-0,068	0,480	0,000
12,740	0,000	-0,045	0,480	0,000
12,760	0,000	-0,022	0,480	0,000
12,780	0,000	-0,001	0,480	0,000
12,800	0,000	0,022	0,480	0,000
12,820	0,000	0,046	0,480	0,000
12,840	0,000	0,064	0,480	0,000
12,860	0,000	0,086	0,480	0,000
12,880	0,000	0,103	0,471	0,000
12,900	0,000	0,125	0,469	0,000
12,920	0,000	0,140	0,469	0,000
12,940	0,000	0,156	0,469	0,000
12,960	0,000	0,162	0,469	0,000
12,980	0,000	0,177	0,469	0,000
13,000	0,000	0,182	0,469	0,000
13,020	0,000	0,190	0,469	0,000
13,040	0,000	0,187	0,469	0,000
13,060	0,000	0,193	0,469	0,000
13,080	0,000	0,175	0,469	0,000
13,100	0,000	0,182	0,469	0,000
13,120	0,000	0,165	0,469	0,000
13,140	0,000	0,162	0,469	0,000
13,160	0,000	0,138	0,469	0,000
13,180	0,000	0,131	0,469	0,000
13,200	0,000	0,107	0,469	0,000
13,220	0,000	0,095	0,469	0,000
13,240	0,000	0,064	0,469	0,000
13,260	0,000	0,052	0,469	0,000
13,280	0,000	0,022	0,469	0,000
13,300	0,000	0,009	0,469	0,000
13,320	0,000	-0,022	0,469	0,000
13,340	0,000	-0,037	0,469	0,000
13,360	0,000	-0,061	0,469	0,000
13,380	0,000	-0,078	0,462	0,000
13,400	0,000	-0,100	0,460	0,000
13,420	0,000	-0,115	0,454	0,000
13,440	0,000	-0,132	0,454	0,000
13,460	0,000	-0,144	0,454	0,000
13,480	0,000	-0,157	0,454	0,000
13,500	0,000	-0,164	0,454	0,000
13,520	0,000	-0,171	0,454	0,000
13,540	0,000	-0,177	0,454	0,000
13,560	0,000	-0,179	0,454	0,000
13,580	0,000	-0,177	0,454	0,000
13,600	0,000	-0,169	0,454	0,000
13,620	0,000	-0,163	0,454	0,000
13,640	0,000	-0,158	0,454	0,000
13,660	0,000	-0,141	0,454	0,000
13,680	0,000	-0,129	0,454	0,000
13,700	0,000	-0,114	0,454	0,000
13,720	0,000	-0,099	0,454	0,000
13,740	0,000	-0,082	0,454	0,000
13,760	0,000	-0,063	0,454	0,000
13,780	0,000	-0,040	0,454	0,000
13,800	0,000	-0,019	0,454	0,000
13,820	0,000	0,005	0,454	0,000
13,840	0,000	0,024	0,454	0,000
13,860	0,000	0,041	0,454	0,000
13,880	0,000	0,064	0,454	0,000
13,900	0,000	0,085	0,450	0,000
13,920	0,000	0,101	0,446	0,000
13,940	0,000	0,123	0,442	0,000
13,960	0,000	0,135	0,442	0,000
13,980	0,000	0,151	0,442	0,000
14,000	0,000	0,157	0,442	0,000
14,020	0,000	0,173	0,442	0,000
14,040	0,000	0,172	0,442	0,000
14,060	0,000	0,181	0,442	0,000
14,080	0,000	0,175	0,442	0,000
14,100	0,000	0,177	0,442	0,000
14,120	0,000	0,168	0,442	0,000
14,140	0,000	0,169	0,442	0,000
14,160	0,000	0,153	0,442	0,000
14,180	0,000	0,145	0,442	0,000
14,200	0,000	0,130	0,442	0,000
14,220	0,000	0,122	0,442	0,000
14,240	0,000	0,098	0,442	0,000
14,260	0,000	0,081	0,442	0,000
14,280	0,000	0,062	0,442	0,000
14,300	0,000	0,043	0,442	0,000
14,320	0,000	0,023	0,442	0,000
14,340	0,000	0,003	0,442	0,000
14,360	0,000	-0,019	0,442	0,000
14,380	0,000	-0,040	0,442	0,000
14,400	0,000	-0,060	0,442	0,000
14,420	0,000	-0,082	0,433	0,000
14,440	0,000	-0,097	0,433	0,000
14,460	0,000	-0,114	0,432	0,000
14,480	0,000	-0,129	0,432	0,000
14,500	0,000	-0,138	0,432	0,000
14,520	0,000	-0,150	0,432	0,000
14,540	0,000	-0,161	0,432	0,000
14,560	0,000	-0,167	0,432	0,000
14,580	0,000	-0,169	0,432	0,000
14,600	0,000	-0,167	0,432	0,000
14,620	0,000	-0,164	0,432	0,000
14,640	0,000	-0,161	0,432	0,000
14,660	0,000	-0,157	0,432	0,000
14,680	0,000	-0,143	0,432	0,000
14,700	0,000	-0,132	0,432	0,000
14,720	0,000	-0,122	0,432	0,000
14,740	0,000	-0,105	0,432	0,000
14,760	0,000	-0,090	0,432	0,000
14,780	0,000	-0,072	0,432	0,000
14,800	0,000	-0,052	0,432	0,000
14,820	0,000	-0,033	0,432	0,000
14,840	0,000	-0,010	0,432	0,000
14,860	0,000	0,011	0,432	0,000
14,880	0,000	0,026	0,432	0,000
14,900	0,000	0,051	0,432	0,000
14,920	0,000	0,065	0,432	0,000
14,940	0,000	0,082	0,429	0,000
14,960	0,000	0,101	0,427	0,000
14,980	0,000	0,118	0,427	0,000
15,000	0,000	0,132	0,427	0,000
15,020	0,000	0,148	0,427	0,000
15,040	0,000	0,156	0,427	0,000
15,060	0,000	0,161	0,427	0,000
15,080	0,000	0,165	0,427	0,000
15,100	0,000	0,170	0,427	0,000
15,120	0,000	0,170	0,427	0,000
15,140	0,000	0,165	0,427	0,000
15,160	0,000	0,165	0,427	0,000
15,180	0,000	0,153	0,427	0,000
15,200	0,000	0,148	0,427	0,000
15,220	0,000	0,134	0,427	0,000
15,240	0,000	0,121	0,427	0,000
15,260	0,000	0,106	0,427	0,000
15,280	0,000	0,094	0,427	0,000
15,300	0,000	0,070	0,427	0,000
15,320	0,000	0,054	0,427	0,000
15,340	0,000	0,034	0,427	0,000
15,360	0,000	0,019	0,427	0,000
15,380	0,000	-0,006	0,427	0,000
15,400	0,000	-0,025	0,427	0,000
15,420	0,000	-0,044	0,427	0,000
15,440	0,000	-0,059	0,427	0,000
15,460	0,000	-0,082	0,425	0,000
15,480	0,000	-0,096	0,420	0,000
15,500	0,000	-0,113	0,420	0,000
15,520	0,000	-0,126	0,420	0,000
15,540	0,000	-0,134	0,420	0,000
15,560	0,000	-0,144	0,420	0,000
15,580	0,000	-0,146	0,420	0,000
15,600	0,000	-0,158	0,420	0,000
15,620	0,000	-0,162	0,420	0,000
15,640	0,000	-0,160	0,420	0,000
15,660	0,000	-0,160	0,420	0,000
15,680	0,000	-0,154	0,420	0,000
15,700	0,000	-0,146	0,420	0,000
15,720	0,000	-0,138	0,420	0,000
15,740	0,000	-0,124	0,420	0,000
15,760	0,000	-0,112	0,420	0,000
15,780	0,000	-0,097	0,420	0,000
15,800	0,000	-0,082	0,420	0,000
15,820	0,000	-0,066	0,420	0,000
15,840	0,000	-0,045	0,420	0,000
15,860	0,000	-0,028	0,420	0,000
15,880	0,000	-0,005	0,420	0,000
15,900	0,000	0,012	0,420	0,000
15,920	0,000	0,035	0,420	0,000
15,940	0,000	0,049	0,420	0,000
15,960	0,000	0,067	0,419	0,000
15,980	0,000	0,079	0,419	0,000
16,000	0,000	0,100	0,405	0,000
16,020	0,000	0,116	0,405	0,000
16,040	0,000	0,134	0,405	0,000
16,060	0,000	0,139	0,405	0,000
16,080	0,000	0,152	0,405	0,000
16,100	0,000	0,156	0,405	0,000
16,120	0,000	0,163	0,405	0,000
16,140	0,000	0,161	0,405	0,000
16,160	0,000	0,162	0,405	0,000
16,180	0,000	0,156	0,405	0,000
16,200	0,000	0,155	0,405	0,000
16,220	0,000	0,148	0,405	0,000
16,240	0,000	0,143	0,405	0,000
16,260	0,000	0,126	0,405	0,000
16,280	0,000	0,115	0,405	0,000
16,300	0,000	0,098	0,405	0,000
16,320	0,000	0,078	0,405	0,000
16,340	0,000	0,064	0,405	0,000
16,360	0,000	0,047	0,405	0,000
16,380	0,000	0,026	0,405	0,000
16,400	0,000	0,006	0,405	0,000
16,420	0,000	-0,007	0,405	0,000
16,440	0,000	-0,030	0,405	0,000
16,460	0,000	-0,049	0,405	0,000
16,480	0,000	-0,065	0,400	0,000
16,500	0,000	-0,081	0,400	0,000
16,520	0,000	-0,095	0,392	0,000
16,540	0,000	-0,105	0,392	0,000
16,560	0,000	-0,121	0,392	0,000
16,580	0,000	-0,133	0,392	0,000
16,600	0,000	-0,142	0,392	0,000
16,620	0,000	-0,144	0,392	0,000
16,640	0,000	-0,150	0,392	0,000
16,660	0,000	-0,154	0,392	0,000
16,680	0,000	-0,150	0,392	0,000
16,700	0,000	-0,148	0,392	0,000
16,720	0,000	-0,144	0,392	0,000
16,740	0,000	-0,138	0,392	0,000
16,760	0,000	-0,129	0,392	0,000
16,780	0,000	-0,117	0,392	0,000
16,800	0,000	-0,102	0,392	0,000
16,820	0,000	-0,090	0,392	0,000
16,840	0,000	-0,073	0,392	0,000
16,860	0,000	-0,057	0,392	0,000
16,880	0,000	-0,040	0,392	0,000
16,900	0,000	-0,021	0,392	0,000
16,920	0,000	-0,002	0,392	0,000
16,940	0,000	0,015	0,392	0,000
16,960	0,000	0,034	0,392	0,000
16,980	0,000	0,053	0,392	0,000
17,000	0,000	0,070	0,390	0,000
17,020	0,000	0,081	0,389	0,000
17,040	0,000	0,099	0,383	0,000
17,060	0,000	0,112	0,383	0,000
17,080	0,000	0,119	0,383	0,000
17,100	0,000	0,134	0,383	0,000
17,120	0,000	0,143	0,383	0,000
17,140	0,000	0,148	0,383	0,000
17,160	0,000	0,152	0,383	0,000
17,180	0,000	0,151	0,383	0,000
17,200	0,000	0,156	0,383	0,000
17,220	0,000	0,151	0,383	0,000
17,240	0,000	0,144	0,383	0,000
17,260	0,000	0,136	0,383	0,000
17,280	0,000	0,131	0,383	0,000
17,300	0,000	0,117	0,383	0,000
17,320	0,000	0,105	0,383	0,000
17,340	0,000	0,085	0,383	0,000
17,360	0,000	0,069	0,383	0,000
17,380	0,000	0,059	0,383	0,000
17,400	0,000	0,042	0,383	0,000
17,420	0,000	0,025	0,383	0,000
17,440	0,000	0,009	0,383	0,000
17,460	0,000	-0,011	0,383	0,000
17,480	0,000	-0,033	0,383	0,000
17,500	0,000	-0,045	0,383	0,000
17,520	0,000	-0,063	0,379	0,000
17,540	0,000	-0,077	0,374	0,000
17,560	0,000	-0,092	0,372	0,000
17,580	0,000	-0,108	0,372	0,000
17,600	0,000	-0,121	0,372	0,000
17,620	0,000	-0,126	0,372	0,000
17,640	0,000	-0,134	0,372	0,000
17,660	0,000	-0,142	0,372	0,000
17,680	0,000	-0,145	0,372	0,000
17,700	0,000	-0,145	0,372	0,000
17,720	0,000	-0,145	0,372	0,000
17,740	0,000	-0,142	0,372	0,000
17,760	0,000	-0,137	0,372	0,000
17,780	0,000	-0,130	0,372	0,000
17,800	0,000	-0,120	0,372	0,000
17,820	0,000	-0,107	0,372	0,000
17,840	0,000	-0,096	0,372	0,000
17,860	0,000	-0,081	0,372	0,000
17,880	0,000	-0,067	0,372	0,000
17,900	0,000	-0,051	0,372	0,000
17,920	0,000	-0,032	0,372	0,000
17,940	0,000	-0,018	0,372	0,000
17,960	0,000	0,003	0,372	0,000
17,980	0,000	0,020	0,372	0,000
18,000	0,000	0,036	0,372	0,000
18,020	0,000	0,052	0,372	0,000
18,040	0,000	0,067	0,372	0,000
18,060	0,000	0,085	0,361	0,000
18,080	0,000	0,097	0,361	0,000
18,100	0,000	0,108	0,360	0,000
18,120	0,000	0,126	0,360	0,000
18,140	0,000	0,132	0,360	0,000
18,160	0,000	0,140	0,360	0,000
18,180	0,000	0,143	0,360	0,000
18,200	0,000	0,146	0,360	0,000
18,220	0,000	0,145	0,360	0,000
18,240	0,000	0,146	0,360	0,000
18,260	0,000	0,144	0,360	0,000
18,280	0,000	0,136	0,360	0,000
18,300	0,000	0,128	0,360	0,000
18,320	0,000	0,123	0,360	0,000
18,340	0,000	0,109	0,360	0,000
18,360	0,000	0,097	0,360	0,000
18,380	0,000	0,080	0,360	0,000
18,400	0,000	0,068	0,360	0,000
18,420	0,000	0,053	0,360	0,000
18,440	0,000	0,034	0,360	0,000
18,460	0,000	0,020	0,360	0,000
18,480	0,000	0,002	0,360	0,000
18,500	0,000	-0,014	0,360	0,000
18,520	0,000	-0,036	0,360	0,000
18,540	0,000	-0,048	0,360	0,000
18,560	0,000	-0,064	0,358	0,000
18,580	0,000	-0,079	0,350	0,000
18,600	0,000	-0,095	0,350	0,000
18,620	0,000	-0,105	0,350	0,000
18,640	0,000	-0,114	0,350	0,000
18,660	0,000	-0,124	0,350	0,000
18,680	0,000	-0,131	0,350	0,000
18,700	0,000	-0,134	0,350	0,000
18,720	0,000	-0,139	0,350	0,000
18,740	0,000	-0,138	0,350	0,000
18,760	0,000	-0,139	0,350	0,000
18,780	0,000	-0,132	0,350	0,000
18,800	0,000	-0,128	0,350	0,000
18,820	0,000	-0,125	0,350	0,000
18,840	0,000	-0,113	0,350	0,000
18,860	0,000	-0,101	0,350	0,000
18,880	0,000	-0,090	0,350	0,000
18,900	0,000	-0,074	0,350	0,000
18,920	0,000	-0,059	0,350	0,000
18,940	0,000	-0,042	0,350	0,000
18,960	0,000	-0,028	0,350	0,000
18,980	0,000	-0,013	0,350	0,000
19,000	0,000	0,010	0,350	0,000
19,020	0,000	0,023	0,350	0,000
19,040	0,000	0,040	0,350	0,000
19,060	0,000	0,055	0,346	0,000
19,080	0,000	0,070	0,346	0,000
19,100	0,000	0,086	0,339	0,000
19,120	0,000	0,096	0,339	0,000
19,140	0,000	0,107	0,339	0,000
19,160	0,000	0,123	0,339	0,000
19,180	0,000	0,128	0,339	0,000
19,200	0,000	0,136	0,339	0,000
19,220	0,000	0,139	0,339	0,000
19,240	0,000	0,140	0,339	0,000
19,260	0,000	0,142	0,339	0,000
19,280	0,000	0,140	0,339	0,000
19,300	0,000	0,136	0,339	0,000
19,320	0,000	0,134	0,339	0,000
19,340	0,000	0,124	0,339	0,000
19,360	0,000	0,115	0,339	0,000
19,380	0,000	0,103	0,339	0,000
19,400	0,000	0,090	0,339	0,000
19,420	0,000	0,076	0,339	0,000
19,440	0,000	0,061	0,339	0,000
19,460	0,000	0,047	0,339	0,000
19,480	0,000	0,031	0,339	0,000
19,500	0,000	0,015	0,339	0,000
19,520	0,000	0,003	0,339	0,000
19,540	0,000	-0,017	0,339	0,000
19,560	0,000	-0,036	0,339	0,000
19,580	0,000	-0,052	0,338	0,000
19,600	0,000	-0,067	0,334	0,000
19,620	0,000	-0,080	0,332	0,000
19,640	0,000	-0,092	0,332	0,000
19,660	0,000	-0,100	0,332	0,000
19,680	0,000	-0,111	0,332	0,000
19,700	0,000	-0,117	0,332	0,000
19,720	0,000	-0,124	0,332	0,000
19,740	0,000	-0,129	0,332	0,000
19,760	0,000	-0,134	0,332	0,000
19,780	0,000	-0,130	0,332	0,000
19,800	0,000	-0,133	0,332	0,000
19,820	0,000	-0,124	0,332	0,000
19,840	0,000	-0,122	0,332	0,000
19,860	0,000	-0,113	0,332	0,000
19,880	0,000	-0,104	0,332	0,000
19,900	0,000	-0,093	0,332	0,000
19,920	0,000	-0,077	0,332	0,000
19,940	0,000	-0,069	0,332	0,000
19,960	0,000	-0,054	0,332	0,000
19,980	0,000	-0,038	0,332	0,000
20,000	0,000	-0,023	0,332	0,000
20,020	0,000	-0,005	0,332	0,000
20,040	0,000	0,011	0,332	0,000
20,060	0,000	0,024	0,332	0,000
20,080	0,000	0,040	0,332	0,000
20,100	0,000	0,057	0,332	0,000
20,120	0,000	0,076	0,327	0,000
20,140	0,000	0,086	0,326	0,000
20,160	0,000	0,096	0,325	0,000
20,180	0,000	0,105	0,325	0,000
20,200	0,000	0,116	0,325	0,000
20,220	0,000	0,123	0,325	0,000
20,240	0,000	0,130	0,325	0,000
20,260	0,000	0,134	0,325	0,000
20,280	0,000	0,136	0,325	0,000
20,300	0,000	0,135	0,325	0,000
20,320	0,000	0,135	0,325	0,000
20,340	0,000	0,131	0,325	0,000
20,360	0,000	0,123	0,325	0,000
20,380	0,000	0,115	0,325	0,000
20,400	0,000	0,104	0,325	0,000
20,420	0,000	0,094	0,325	0,000
20,440	0,000	0,084	0,325	0,000
20,460	0,000	0,069	0,325	0,000
20,480	0,000	0,055	0,325	0,000
20,500	0,000	0,045	0,325	0,000
20,520	0,000	0,027	0,325	0,000
20,540	0,000	0,012	0,325	0,000
20,560	0,000	-0,005	0,325	0,000
20,580	0,000	-0,019	0,325	0,000
20,600	0,000	-0,038	0,325	0,000
20,620	0,000	-0,050	0,323	0,000
20,640	0,000	-0,060	0,323	0,000
20,660	0,000	-0,076	0,317	0,000
20,680	0,000	-0,088	0,317	0,000
20,700	0,000	-0,100	0,317	0,000
20,720	0,000	-0,110	0,317	0,000
20,740	0,000	-0,115	0,317	0,000
20,760	0,000	-0,120	0,317	0,000
20,780	0,000	-0,125	0,317	0,000
20,800	0,000	-0,126	0,317	0,000
20,820	0,000	-0,125	0,317	0,000
20,840	0,000	-0,124	0,317	0,000
20,860	0,000	-0,119	0,317	0,000
20,880	0,000	-0,116	0,317	0,000
20,900	0,000	-0,108	0,317	0,000
20,920	0,000	-0,097	0,317	0,000
20,940	0,000	-0,086	0,317	0,000
20,960	0,000	-0,077	0,317	0,000
20,980	0,000	-0,064	0,317	0,000
21,000	0,000	-0,048	0,317	0,000
21,020	0,000	-0,035	0,317	0,000
21,040	0,000	-0,022	0,317	0,000
21,060	0,000	-0,002	0,317	0,000
21,080	0,000	0,012	0,317	0,000
21,100	0,000	0,028	0,317	0,000
21,120	0,000	0,041	0,316	0,000
21,140	0,000	0,057	0,316	0,000
21,160	0,000	0,070	0,309	0,000
21,180	0,000	0,080	0,309	0,000
21,200	0,000	0,092	0,309	0,000
21,220	0,000	0,103	0,309	0,000
21,240	0,000	0,112	0,309	0,000
21,260	0,000	0,118	0,309	0,000
21,280	0,000	0,125	0,309	0,000
21,300	0,000	0,127	0,309	0,000
21,320	0,000	0,132	0,309	0,000
21,340	0,000	0,132	0,309	0,000
21,360	0,000	0,128	0,309	0,000
21,380	0,000	0,124	0,309	0,000
21,400	0,000	0,122	0,309	0,000
21,420	0,000	0,110	0,309	0,000
21,440	0,000	0,101	0,309	0,000
21,460	0,000	0,095	0,309	0,000
21,480	0,000	0,079	0,309	0,000
21,500	0,000	0,065	0,309	0,000
21,520	0,000	0,050	0,309	0,000
21,540	0,000	0,036	0,309	0,000
21,560	0,000	0,024	0,309	0,000
21,580	0,000	0,011	0,309	0,000
21,600	0,000	-0,006	0,309	0,000
21,620	0,000	-0,023	0,309	0,000
21,640	0,000	-0,035	0,309	0,000
21,660	0,000	-0,052	0,306	0,000
21,680	0,000	-0,061	0,304	0,000
21,700	0,000	-0,076	0,301	0,000
21,720	0,000	-0,087	0,301	0,000
21,740	0,000	-0,093	0,301	0,000
21,760	0,000	-0,107	0,301	0,000
21,780	0,000	-0,113	0,301	0,000
21,800	0,000	-0,115	0,301	0,000
21,820	0,000	-0,122	0,301	0,000
21,840	0,000	-0,121	0,301	0,000
21,860	0,000	-0,121	0,301	0,000
21,880	0,000	-0,121	0,301	0,000
21,900	0,000	-0,117	0,301	0,000
21,920	0,000	-0,108	0,301	0,000
21,940	0,000	-0,104	0,301	0,000
21,960	0,000	-0,095	0,301	0,000
21,980	0,000	-0,086	0,301	0,000
22,000	0,000	-0,070	0,301	0,000
22,020	0,000	-0,061	0,301	0,000
22,040	0,000	-0,045	0,301	0,000
22,060	0,000	-0,032	0,301	0,000
22,080	0,000	-0,020	0,301	0,000
22,100	0,000	0,003	0,301	0,000
22,120	0,000	0,012	0,301	0,000
22,140	0,000	0,031	0,301	0,000
22,160	0,000	0,042	0,301	0,000
22,180	0,000	0,051	0,301	0,000
22,200	0,000	0,069	0,296	0,000
22,220	0,000	0,073	0,291	0,000
22,240	0,000	0,089	0,291	0,000
22,260	0,000	0,101	0,291	0,000
22,280	0,000	0,112	0,291	0,000
22,300	0,000	0,112	0,291	0,000
22,320	0,000	0,122	0,291	0,000
22,340	0,000	0,123	0,291	0,000
22,360	0,000	0,123	0,291	0,000
22,380	0,000	0,125	0,291	0,000
22,400	0,000	0,122	0,291	0,000
22,420	0,000	0,115	0,291	0,000
22,440	0,000	0,112	0,291	0,000
22,460	0,000	0,099	0,291	0,000
22,480	0,000	0,096	0,291	0,000
22,500	0,000	0,086	0,291	0,000
22,520	0,000	0,078	0,291	0,000
22,540	0,000	0,060	0,291	0,000
22,560	0,000	0,048	0,291	0,000
22,580	0,000	0,033	0,291	0,000
22,600	0,000	0,020	0,291	0,000
22,620	0,000	0,005	0,291	0,000
22,640	0,000	-0,010	0,291	0,000
22,660	0,000	-0,021	0,291	0,000
22,680	0,000	-0,039	0,291	0,000
22,700	0,000	-0,049	0,291	0,000
22,720	0,000	-0,063	0,288	0,000
22,740	0,000	-0,072	0,285	0,000
22,760	0,000	-0,085	0,285	0,000
22,780	0,000	-0,096	0,285	0,000
22,800	0,000	-0,100	0,285	0,000
22,820	0,000	-0,106	0,285	0,000
22,840	0,000	-0,113	0,285	0,000
22,860	0,000	-0,116	0,285	0,000
22,880	0,000	-0,117	0,285	0,000
22,900	0,000	-0,117	0,285	0,000
22,920	0,000	-0,115	0,285	0,000
22,940	0,000	-0,109	0,285	0,000
22,960	0,000	-0,103	0,285	0,000
22,980	0,000	-0,096	0,285	0,000
23,000	0,000	-0,088	0,285	0,000
23,020	0,000	-0,076	0,285	0,000
23,040	0,000	-0,066	0,285	0,000
23,060	0,000	-0,051	0,285	0,000
23,080	0,000	-0,039	0,285	0,000
23,100	0,000	-0,025	0,285	0,000
23,120	0,000	-0,014	0,285	0,000
23,140	0,000	0,003	0,285	0,000
23,160	0,000	0,012	0,285	0,000
23,180	0,000	0,028	0,285	0,000
23,200	0,000	0,043	0,285	0,000
23,220	0,000	0,054	0,285	0,000
23,240	0,000	0,068	0,283	0,000
23,260	0,000	0,073	0,281	0,000
23,280	0,000	0,084	0,281	0,000
23,300	0,000	0,099	0,281	0,000
23,320	0,000	0,109	0,281	0,000
23,340	0,000	0,111	0,281	0,000
23,360	0,000	0,115	0,281	0,000
23,380	0,000	0,119	0,281	0,000
23,400	0,000	0,119	0,281	0,000
23,420	0,000	0,119	0,281	0,000
23,440	0,000	0,113	0,281	0,000
23,460	0,000	0,111	0,281	0,000
23,480	0,000	0,103	0,281	0,000
23,500	0,000	0,099	0,281	0,000
23,520	0,000	0,088	0,281	0,000
23,540	0,000	0,078	0,281	0,000
23,560	0,000	0,070	0,281	0,000
23,580	0,000	0,060	0,281	0,000
23,600	0,000	0,044	0,281	0,000
23,620	0,000	0,031	0,281	0,000
23,640	0,000	0,020	0,281	0,000
23,660	0,000	0,007	0,281	0,000
23,680	0,000	-0,009	0,281	0,000
23,700	0,000	-0,020	0,281	0,000
23,720	0,000	-0,038	0,281	0,000
23,740	0,000	-0,049	0,281	0,000
23,760	0,000	-0,059	0,276	0,000
23,780	0,000	-0,068	0,276	0,000
23,800	0,000	-0,082	0,276	0,000
23,820	0,000	-0,092	0,276	0,000
23,840	0,000	-0,096	0,276	0,000
23,860	0,000	-0,101	0,276	0,000
23,880	0,000	-0,106	0,276	0,000
23,900	0,000	-0,113	0,276	0,000
23,920	0,000	-0,111	0,276	0,000
23,940	0,000	-0,106	0,276	0,000
23,960	0,000	-0,109	0,276	0,000
23,980	0,000	-0,102	0,276	0,000
24,000	0,000	-0,096	0,276	0,000
24,020	0,000	-0,096	0,276	0,000
24,040	0,000	-0,084	0,276	0,000
24,060	0,000	-0,074	0,276	0,000
24,080	0,000	-0,062	0,276	0,000
24,100	0,000	-0,052	0,276	0,000
24,120	0,000	-0,039	0,276	0,000
24,140	0,000	-0,026	0,276	0,000
24,160	0,000	-0,012	0,276	0,000
24,180	0,000	0,003	0,276	0,000
24,200	0,000	0,016	0,276	0,000
24,220	0,000	0,028	0,276	0,000
24,240	0,000	0,039	0,276	0,000
24,260	0,000	0,052	0,275	0,000
24,280	0,000	0,065	0,271	0,000
24,300	0,000	0,070	0,270	0,000
24,320	0,000	0,079	0,270	0,000
24,340	0,000	0,088	0,270	0,000
24,360	0,000	0,099	0,270	0,000
24,380	0,000	0,106	0,270	0,000
24,400	0,000	0,114	0,270	0,000
24,420	0,000	0,112	0,270	0,000
24,440	0,000	0,115	0,270	0,000
24,460	0,000	0,111	0,270	0,000
24,480	0,000	0,111	0,270	0,000
24,500	0,000	0,108	0,270	0,000
24,520	0,000	0,099	0,270	0,000
24,540	0,000	0,090	0,270	0,000
24,560	0,000	0,078	0,270	0,000
24,580	0,000	0,070	0,270	0,000
24,600	0,000	0,065	0,270	0,000
24,620	0,000	0,056	0,270	0,000
24,640	0,000	0,042	0,270	0,000
24,660	0,000	0,028	0,270	0,000
24,680	0,000	0,016	0,270	0,000
24,700	0,000	0,006	0,270	0,000
24,720	0,000	-0,007	0,270	0,000
24,740	0,000	-0,022	0,270	0,000
24,760	0,000	-0,036	0,268	0,000
24,780	0,000	-0,046	0,268	0,000
24,800	0,000	-0,055	0,262	0,000
24,820	0,000	-0,069	0,262	0,000
24,840	0,000	-0,075	0,262	0,000
24,860	0,000	-0,087	0,262	0,000
24,880	0,000	-0,092	0,262	0,000
24,900	0,000	-0,096	0,262	0,000
24,920	0,000	-0,103	0,262	0,000
24,940	0,000	-0,101	0,262	0,000
24,960	0,000	-0,100	0,262	0,000
24,980	0,000	-0,100	0,262	0,000
25,000	0,000	-0,100	0,262	0,000
25,020	0,000	-0,094	0,262	0,000
25,040	0,000	-0,090	0,262	0,000
25,060	0,000	-0,086	0,262	0,000
25,080	0,000	-0,079	0,262	0,000
25,100	0,000	-0,065	0,262	0,000
25,120	0,000	-0,060	0,262	0,000
25,140	0,000	-0,050	0,262	0,000
25,160	0,000	-0,033	0,262	0,000
25,180	0,000	-0,021	0,262	0,000
25,200	0,000	-0,009	0,262	0,000
25,220	0,000	0,004	0,262	0,000
25,240	0,000	0,016	0,262	0,000
25,260	0,000	0,026	0,262	0,000
25,280	0,000	0,041	0,261	0,000
25,300	0,000	0,053	0,261	0,000
25,320	0,000	0,062	0,259	0,000
25,340	0,000	0,070	0,259	0,000
25,360	0,000	0,078	0,259	0,000
25,380	0,000	0,087	0,259	0,000
25,400	0,000	0,092	0,259	0,000
25,420	0,000	0,100	0,259	0,000
25,440	0,000	0,103	0,259	0,000
25,460	0,000	0,104	0,259	0,000
25,480	0,000	0,106	0,259	0,000
25,500	0,000	0,103	0,259	0,000
25,520	0,000	0,102	0,259	0,000
25,540	0,000	0,099	0,259	0,000
25,560	0,000	0,090	0,259	0,000
25,580	0,000	0,079	0,259	0,000
25,600	0,000	0,071	0,259	0,000
25,620	0,000	0,067	0,259	0,000
25,640	0,000	0,058	0,259	0,000
25,660	0,000	0,050	0,259	0,000
25,680	0,000	0,040	0,259	0,000
25,700	0,000	0,027	0,259	0,000
25,720	0,000	0,011	0,259	0,000
25,740	0,000	0,000	0,259	0,000
25,760	0,000	-0,013	0,259	0,000
25,780	0,000	-0,026	0,259	0,000
25,800	0,000	-0,038	0,258	0,000
25,820	0,000	-0,045	0,256	0,000
25,840	0,000	-0,056	0,255	0,000
25,860	0,000	-0,067	0,255	0,000
25,880	0,000	-0,074	0,255	0,000
25,900	0,000	-0,080	0,255	0,000
25,920	0,000	-0,088	0,255	0,000
25,940	0,000	-0,093	0,255	0,000
25,960	0,000	-0,095	0,255	0,000
25,980	0,000	-0,097	0,255	0,000
26,000	0,000	-0,098	0,255	0,000
26,020	0,000	-0,096	0,255	0,000
26,040	0,000	-0,092	0,255	0,000
26,060	0,000	-0,092	0,255	0,000
26,080	0,000	-0,086	0,255	0,000
26,100	0,000	-0,080	0,255	0,000
26,120	0,000	-0,067	0,255	0,000
26,140	0,000	-0,062	0,255	0,000
26,160	0,000	-0,051	0,255	0,000
26,180	0,000	-0,043	0,255	0,000
26,200	0,000	-0,030	0,255	0,000
26,220	0,000	-0,018	0,255	0,000
26,240	0,000	-0,006	0,255	0,000
26,260	0,000	0,007	0,255	0,000
26,280	0,000	0,018	0,255	0,000
26,300	0,000	0,028	0,255	0,000
26,320	0,000	0,037	0,255	0,000
26,340	0,000	0,048	0,251	0,000
26,360	0,000	0,061	0,247	0,000
26,380	0,000	0,067	0,247	0,000
26,400	0,000	0,074	0,247	0,000
26,420	0,000	0,083	0,247	0,000
26,440	0,000	0,092	0,247	0,000
26,460	0,000	0,094	0,247	0,000
26,480	0,000	0,097	0,247	0,000
26,500	0,000	0,100	0,247	0,000
26,520	0,000	0,099	0,247	0,000
26,540	0,000	0,099	0,247	0,000
26,560	0,000	0,090	0,247	0,000
26,580	0,000	0,090	0,247	0,000
26,600	0,000	0,085	0,247	0,000
26,620	0,000	0,079	0,247	0,000
26,640	0,000	0,070	0,247	0,000
26,660	0,000	0,060	0,247	0,000
26,680	0,000	0,053	0,247	0,000
26,700	0,000	0,045	0,247	0,000
26,720	0,000	0,031	0,247	0,000
26,740	0,000	0,023	0,247	0,000
26,760	0,000	0,012	0,247	0,000
26,780	0,000	0,003	0,247	0,000
26,800	0,000	-0,011	0,247	0,000
26,820	0,000	-0,022	0,247	0,000
26,840	0,000	-0,034	0,247	0,000
26,860	0,000	-0,047	0,247	0,000
26,880	0,000	-0,055	0,243	0,000
26,900	0,000	-0,066	0,243	0,000
26,920	0,000	-0,072	0,243	0,000
26,940	0,000	-0,078	0,243	0,000
26,960	0,000	-0,084	0,243	0,000
26,980	0,000	-0,088	0,243	0,000
27,000	0,000	-0,088	0,243	0,000
27,020	0,000	-0,088	0,243	0,000
27,040	0,000	-0,090	0,243	0,000
27,060	0,000	-0,088	0,243	0,000
27,080	0,000	-0,084	0,243	0,000
27,100	0,000	-0,082	0,243	0,000
27,120	0,000	-0,076	0,243	0,000
27,140	0,000	-0,069	0,243	0,000
27,160	0,000	-0,059	0,243	0,000
27,180	0,000	-0,056	0,243	0,000
27,200	0,000	-0,046	0,243	0,000
27,220	0,000	-0,033	0,243	0,000
27,240	0,000	-0,026	0,243	0,000
27,260	0,000	-0,014	0,243	0,000
27,280	0,000	-0,001	0,243	0,000
27,300	0,000	0,010	0,243	0,000
27,320	0,000	0,019	0,243	0,000
27,340	0,000	0,032	0,243	0,000
27,360	0,000	0,038	0,243	0,000
27,380	0,000	0,051	0,239	0,000
27,400	0,000	0,058	0,237	0,000
27,420	0,000	0,060	0,237	0,000
27,440	0,000	0,076	0,237	0,000
27,460	0,000	0,081	0,237	0,000
27,480	0,000	0,086	0,237	0,000
27,500	0,000	0,087	0,237	0,000
27,520	0,000	0,092	0,237	0,000
27,540	0,000	0,093	0,237	0,000
27,560	0,000	0,092	0,237	0,000
27,580	0,000	0,087	0,237	0,000
27,600	0,000	0,090	0,237	0,000
27,620	0,000	0,083	0,237	0,000
27,640	0,000	0,078	0,237	0,000
27,660	0,000	0,069	0,237	0,000
27,680	0,000	0,064	0,237	0,000
27,700	0,000	0,055	0,237	0,000
27,720	0,000	0,048	0,237	0,000
27,740	0,000	0,038	0,237	0,000
27,760	0,000	0,025	0,237	0,000
27,780	0,000	0,017	0,237	0,000
27,800	0,000	0,010	0,237	0,000
27,820	0,000	-0,002	0,237	0,000
27,840	0,000	-0,015	0,237	0,000
27,860	0,000	-0,026	0,237	0,000
27,880	0,000	-0,035	0,237	0,000
27,900	0,000	-0,046	0,234	0,000
27,920	0,000	-0,052	0,233	0,000
27,940	0,000	-0,060	0,233	0,000
27,960	0,000	-0,069	0,233	0,000
27,980	0,000	-0,078	0,233	0,000
28,000	0,000	-0,080	0,233	0,000
28,020	0,000	-0,083	0,233	0,000
28,040	0,000	-0,084	0,233	0,000
28,060	0,000	-0,083	0,233	0,000
28,080	0,000	-0,085	0,233	0,000
28,100	0,000	-0,081	0,233	0,000
28,120	0,000	-0,083	0,233	0,000
28,140	0,000	-0,077	0,233	0,000
28,160	0,000	-0,070	0,233	0,000
28,180	0,000	-0,066	0,233	0,000
28,200	0,000	-0,057	0,233	0,000
28,220	0,000	-0,050	0,233	0,000
28,240	0,000	-0,037	0,233	0,000
28,260	0,000	-0,028	0,233	0,000
28,280	0,000	-0,022	0,233	0,000
28,300	0,000	-0,008	0,233	0,000
28,320	0,000	0,003	0,233	0,000
28,340	0,000	0,012	0,233	0,000
28,360	0,000	0,021	0,233	0,000
28,380	0,000	0,029	0,233	0,000
28,400	0,000	0,045	0,233	0,000
28,420	0,000	0,052	0,228	0,000
28,440	0,000	0,058	0,228	0,000
28,460	0,000	0,062	0,228	0,000
28,480	0,000	0,073	0,228	0,000
28,500	0,000	0,078	0,228	0,000
28,520	0,000	0,086	0,228	0,000
28,540	0,000	0,086	0,228	0,000
28,560	0,000	0,091	0,228	0,000
28,580	0,000	0,088	0,228	0,000
28,600	0,000	0,090	0,228	0,000
28,620	0,000	0,086	0,228	0,000
28,640	0,000	0,087	0,228	0,000
28,660	0,000	0,076	0,228	0,000
28,680	0,000	0,074	0,228	0,000
28,700	0,000	0,068	0,228	0,000
28,720	0,000	0,061	0,228	0,000
28,740	0,000	0,049	0,228	0,000
28,760	0,000	0,041	0,228	0,000
28,780	0,000	0,030	0,228	0,000
28,800	0,000	0,020	0,228	0,000
28,820	0,000	0,012	0,228	0,000
28,840	0,000	-0,001	0,228	0,000
28,860	0,000	-0,008	0,228	0,000
28,880	0,000	-0,019	0,228	0,000
28,900	0,000	-0,029	0,226	0,000
28,920	0,000	-0,039	0,223	0,000
28,940	0,000	-0,048	0,223	0,000
28,960	0,000	-0,053	0,218	0,000
28,980	0,000	-0,059	0,218	0,000
29,000	0,000	-0,065	0,218	0,000
29,020	0,000	-0,069	0,218	0,000
29,040	0,000	-0,076	0,218	0,000
29,060	0,000	-0,080	0,218	0,000
29,080	0,000	-0,084	0,218	0,000
29,100	0,000	-0,080	0,218	0,000
29,120	0,000	-0,077	0,218	0,000
29,140	0,000	-0,078	0,218	0,000
29,160	0,000	-0,076	0,218	0,000
29,180	0,000	-0,068	0,218	0,000
29,200	0,000	-0,068	0,218	0,000
29,220	0,000	-0,058	0,218	0,000
29,240	0,000	-0,049	0,218	0,000
29,260	0,000	-0,042	0,218	0,000
29,280	0,000	-0,035	0,218	0,000
29,300	0,000	-0,026	0,218	0,000
29,320	0,000	-0,009	0,218	0,000
29,340	0,000	-0,004	0,218	0,000
29,360	0,000	0,007	0,218	0,000
29,380	0,000	0,014	0,218	0,000
29,400	0,000	0,025	0,218	0,000
29,420	0,000	0,036	0,218	0,000
29,440	0,000	0,047	0,214	0,000
29,460	0,000	0,053	0,214	0,000
29,480	0,000	0,059	0,211	0,000
29,500	0,000	0,066	0,209	0,000
29,520	0,000	0,077	0,209	0,000
29,540	0,000	0,081	0,209	0,000
29,560	0,000	0,084	0,209	0,000
29,580	0,000	0,083	0,209	0,000
29,600	0,000	0,087	0,209	0,000
29,620	0,000	0,087	0,209	0,000
29,640	0,000	0,091	0,209	0,000
29,660	0,000	0,081	0,209	0,000
29,680	0,000	0,083	0,209	0,000
29,700	0,000	0,074	0,209	0,000
29,720	0,000	0,070	0,209	0,000
29,740	0,000	0,060	0,209	0,000
29,760	0,000	0,058	0,209	0,000
29,780	0,000	0,045	0,209	0,000
29,800	0,000	0,037	0,209	0,000
29,820	0,000	0,024	0,209	0,000
29,840	0,000	0,017	0,209	0,000
29,860	0,000	0,009	0,209	0,000
29,880	0,000	0,000	0,209	0,000
29,900	0,000	-0,013	0,209	0,000
29,920	0,000	-0,021	0,207	0,000
29,940	0,000	-0,031	0,206	0,000
29,960	0,000	-0,039	0,206	0,000
29,980	0,000	-0,049	0,205	0,000
30,000	0,000	-0,052	0,204	0,000
30,020	0,000	-0,063	0,204	0,000
30,040	0,000	-0,066	0,204	0,000
30,060	0,000	-0,072	0,204	0,000
30,080	0,000	-0,071	0,204	0,000
30,100	0,000	-0,080	0,204	0,000
30,120	0,000	-0,076	0,204	0,000
30,140	0,000	-0,080	0,204	0,000
30,160	0,000	-0,076	0,204	0,000
30,180	0,000	-0,078	0,204	0,000
30,200	0,000	-0,067	0,204	0,000
30,220	0,000	-0,067	0,204	0,000
30,240	0,000	-0,058	0,204	0,000
30,260	0,000	-0,053	0,204	0,000
30,280	0,000	-0,045	0,204	0,000
30,300	0,000	-0,035	0,204	0,000
30,320	0,000	-0,027	0,204	0,000
30,340	0,000	-0,020	0,204	0,000
30,360	0,000	-0,007	0,204	0,000
30,380	0,000	0,004	0,204	0,000
30,400	0,000	0,011	0,204	0,000
30,420	0,000	0,017	0,204	0,000
30,440	0,000	0,028	0,204	0,000
30,460	0,000	0,037	0,204	0,000
30,480	0,000	0,046	0,201	0,000
30,500	0,000	0,054	0,200	0,000
30,520	0,000	0,065	0,198	0,000
30,540	0,000	0,066	0,198	0,000
30,560	0,000	0,073	0,198	0,000
30,580	0,000	0,075	0,198	0,000
30,600	0,000	0,078	0,198	0,000
30,620	0,000	0,081	0,198	0,000
30,640	0,000	0,086	0,198	0,000
30,660	0,000	0,086	0,198	0,000
30,680	0,000	0,085	0,198	0,000
30,700	0,000	0,079	0,198	0,000
30,720	0,000	0,078	0,198	0,000
30,740	0,000	0,072	0,198	0,000
30,760	0,000	0,064	0,198	0,000
30,780	0,000	0,056	0,198	0,000
30,800	0,000	0,052	0,198	0,000
30,820	0,000	0,042	0,198	0,000
30,840	0,000	0,037	0,198	0,000
30,860	0,000	0,024	0,198	0,000
30,880	0,000	0,018	0,198	0,000
30,900	0,000	0,005	0,198	0,000
30,920	0,000	0,001	0,198	0,000
30,940	0,000	-0,015	0,198	0,000
30,960	0,000	-0,017	0,198	0,000
30,980	0,000	-0,030	0,198	0,000
31,000	0,000	-0,038	0,197	0,000
31,020	0,000	-0,048	0,193	0,000
31,040	0,000	-0,053	0,193	0,000
31,060	0,000	-0,062	0,190	0,000
31,080	0,000	-0,060	0,190	0,000
31,100	0,000	-0,072	0,190	0,000
31,120	0,000	-0,071	0,190	0,000
31,140	0,000	-0,072	0,190	0,000
31,160	0,000	-0,071	0,190	0,000
31,180	0,000	-0,077	0,190	0,000
31,200	0,000	-0,071	0,190	0,000
31,220	0,000	-0,071	0,190	0,000
31,240	0,000	-0,067	0,190	0,000
31,260	0,000	-0,066	0,190	0,000
31,280	0,000	-0,055	0,190	0,000
31,300	0,000	-0,048	0,190	0,000
31,320	0,000	-0,041	0,190	0,000
31,340	0,000	-0,035	0,190	0,000
31,360	0,000	-0,027	0,190	0,000
31,380	0,000	-0,016	0,190	0,000
31,400	0,000	-0,004	0,190	0,000
31,420	0,000	0,006	0,190	0,000
31,440	0,000	0,012	0,190	0,000
31,460	0,000	0,020	0,190	0,000
31,480	0,000	0,031	0,190	0,000
31,500	0,000	0,040	0,189	0,000
31,520	0,000	0,048	0,189	0,000
31,540	0,000	0,055	0,183	0,000
31,560	0,000	0,061	0,183	0,000
31,580	0,000	0,069	0,183	0,000
31,600	0,000	0,069	0,183	0,000
31,620	0,000	0,070	0,183	0,000
31,640	0,000	0,070	0,183	0,000
31,660	0,000	0,074	0,183	0,000
31,680	0,000	0,076	0,183	0,000
31,700	0,000	0,078	0,183	0,000
31,720	0,000	0,079	0,183	0,000
31,740	0,000	0,074	0,183	0,000
31,760	0,000	0,073	0,183	0,000
31,780	0,000	0,066	0,183	0,000
31,800	0,000	0,066	0,183	0,000
31,820	0,000	0,054	0,183	0,000
31,840	0,000	0,052	0,183	0,000
31,860	0,000	0,038	0,183	0,000
31,880	0,000	0,036	0,183	0,000
31,900	0,000	0,021	0,183	0,000
31,920	0,000	0,017	0,183	0,000
31,940	0,000	0,000	0,183	0,000
31,960	0,000	-0,003	0,183	0,000
31,980	0,000	-0,017	0,183	0,000
32,000	0,000	-0,020	0,183	0,000
32,020	0,000	-0,034	0,183	0,000
32,040	0,000	-0,036	0,180	0,000
32,060	0,000	-0,051	0,178	0,000
32,080	0,000	-0,052	0,178	0,000
32,100	0,000	-0,059	0,178	0,000
32,120	0,000	-0,061	0,178	0,000
32,140	0,000	-0,070	0,178	0,000
32,160	0,000	-0,067	0,178	0,000
32,180	0,000	-0,074	0,178	0,000
32,200	0,000	-0,067	0,178	0,000
32,220	0,000	-0,072	0,178	0,000
32,240	0,000	-0,070	0,178	0,000
32,260	0,000	-0,069	0,178	0,000
32,280	0,000	-0,061	0,178	0,000
32,300	0,000	-0,063	0,178	0,000
32,320	0,000	-0,055	0,178	0,000
32,340	0,000	-0,052	0,178	0,000
32,360	0,000	-0,040	0,178	0,000
32,380	0,000	-0,031	0,178	0,000
32,400	0,000	-0,027	0,178	0,000
32,420	0,000	-0,015	0,178	0,000
32,440	0,000	-0,006	0,178	0,000
32,460	0,000	0,004	0,178	0,000
32,480	0,000	0,013	0,178	0,000
32,500	0,000	0,021	0,178	0,000
32,520	0,000	0,032	0,178	0,000
32,540	0,000	0,039	0,177	0,000
32,560	0,000	0,047	0,176	0,000
32,580	0,000	0,051	0,176	0,000
32,600	0,000	0,060	0,176	0,000
32,620	0,000	0,064	0,176	0,000
32,640	0,000	0,069	0,176	0,000
32,660	0,000	0,068	0,176	0,000
32,680	0,000	0,071	0,176	0,000
32,700	0,000	0,075	0,176	0,000
32,720	0,000	0,079	0,176	0,000
32,740	0,000	0,074	0,176	0,000
32,760	0,000	0,078	0,176	0,000
32,780	0,000	0,070	0,176	0,000
32,800	0,000	0,070	0,176	0,000
32,820	0,000	0,064	0,176	0,000
32,840	0,000	0,064	0,176	0,000
32,860	0,000	0,053	0,176	0,000
32,880	0,000	0,049	0,176	0,000
32,900	0,000	0,039	0,176	0,000
32,920	0,000	0,033	0,176	0,000
32,940	0,000	0,018	0,176	0,000
32,960	0,000	0,014	0,176	0,000
32,980	0,000	0,002	0,176	0,000
33,000	0,000	-0,001	0,176	0,000
33,020	0,000	-0,016	0,176	0,000
33,040	0,000	-0,017	0,176	0,000
33,060	0,000	-0,034	0,176	0,000
33,080	0,000	-0,037	0,175	0,000
33,100	0,000	-0,049	0,175	0,000
33,120	0,000	-0,051	0,175	0,000
33,140	0,000	-0,059	0,175	0,000
33,160	0,000	-0,060	0,175	0,000
33,180	0,000	-0,068	0,175	0,000
33,200	0,000	-0,064	0,175	0,000
33,220	0,000	-0,070	0,175	0,000
33,240	0,000	-0,068	0,175	0,000
33,260	0,000	-0,067	0,175	0,000
33,280	0,000	-0,061	0,175	0,000
33,300	0,000	-0,063	0,175	0,000
33,320	0,000	-0,059	0,175	0,000
33,340	0,000	-0,058	0,175	0,000
33,360	0,000	-0,055	0,175	0,000
33,380	0,000	-0,049	0,175	0,000
33,400	0,000	-0,038	0,175	0,000
33,420	0,000	-0,033	0,175	0,000
33,440	0,000	-0,022	0,175	0,000
33,460	0,000	-0,015	0,175	0,000
33,480	0,000	-0,009	0,175	0,000
33,500	0,000	0,004	0,175	0,000
33,520	0,000	0,013	0,175	0,000
33,540	0,000	0,020	0,175	0,000
33,560	0,000	0,027	0,175	0,000
33,580	0,000	0,035	0,175	0,000
33,600	0,000	0,044	0,175	0,000
33,620	0,000	0,051	0,175	0,000
33,640	0,000	0,059	0,175	0,000
33,660	0,000	0,061	0,175	0,000
33,680	0,000	0,066	0,175	0,000
33,700	0,000	0,067	0,175	0,000
33,720	0,000	0,071	0,175	0,000
33,740	0,000	0,072	0,175	0,000
33,760	0,000	0,073	0,175	0,000
33,780	0,000	0,071	0,175	0,000
33,800	0,000	0,070	0,175	0,000
33,820	0,000	0,068	0,175	0,000
33,840	0,000	0,065	0,175	0,000
33,860	0,000	0,063	0,175	0,000
33,880	0,000	0,059	0,175	0,000
33,900	0,000	0,050	0,175	0,000
33,920	0,000	0,047	0,175	0,000
33,940	0,000	0,034	0,175	0,000
33,960	0,000	0,031	0,175	0,000
33,980	0,000	0,018	0,175	0,000
34,000	0,000	0,013	0,175	0,000
34,020	0,000	0,004	0,175	0,000
34,040	0,000	-0,001	0,175	0,000
34,060	0,000	-0,013	0,175	0,000
34,080	0,000	-0,020	0,172	0,000
34,100	0,000	-0,030	0,172	0,000
34,120	0,000	-0,036	0,172	0,000
34,140	0,000	-0,046	0,172	0,000
34,160	0,000	-0,048	0,172	0,000
34,180	0,000	-0,059	0,172	0,000
34,200	0,000	-0,056	0,172	0,000
34,220	0,000	-0,065	0,172	0,000
34,240	0,000	-0,062	0,172	0,000
34,260	0,000	-0,065	0,172	0,000
34,280	0,000	-0,065	0,172	0,000
34,300	0,000	-0,067	0,172	0,000
34,320	0,000	-0,065	0,172	0,000
34,340	0,000	-0,060	0,172	0,000
34,360	0,000	-0,057	0,172	0,000
34,380	0,000	-0,055	0,172	0,000
34,400	0,000	-0,051	0,172	0,000
34,420	0,000	-0,044	0,172	0,000
34,440	0,000	-0,036	0,172	0,000
34,460	0,000	-0,029	0,172	0,000
34,480	0,000	-0,020	0,172	0,000
34,500	0,000	-0,013	0,172	0,000
34,520	0,000	-0,005	0,172	0,000
34,540	0,000	0,003	0,172	0,000
34,560	0,000	0,011	0,172	0,000
34,580	0,000	0,020	0,172	0,000
34,600	0,000	0,028	0,172	0,000
34,620	0,000	0,032	0,172	0,000
34,640	0,000	0,044	0,167	0,000
34,660	0,000	0,049	0,167	0,000
34,680	0,000	0,050	0,167	0,000
34,700	0,000	0,057	0,167	0,000
34,720	0,000	0,065	0,167	0,000
34,740	0,000	0,062	0,167	0,000
34,760	0,000	0,070	0,167	0,000
34,780	0,000	0,067	0,167	0,000
34,800	0,000	0,073	0,167	0,000
34,820	0,000	0,065	0,167	0,000
34,840	0,000	0,068	0,167	0,000
34,860	0,000	0,064	0,167	0,000
34,880	0,000	0,065	0,167	0,000
34,900	0,000	0,059	0,167	0,000
34,920	0,000	0,059	0,167	0,000
34,940	0,000	0,048	0,167	0,000
34,960	0,000	0,046	0,167	0,000
34,980	0,000	0,033	0,167	0,000
35,000	0,000	0,028	0,167	0,000
35,020	0,000	0,018	0,167	0,000
35,040	0,000	0,014	0,167	0,000
35,060	0,000	0,004	0,167	0,000
35,080	0,000	0,001	0,167	0,000
35,100	0,000	-0,013	0,166	0,000
35,120	0,000	-0,017	0,166	0,000
35,140	0,000	-0,027	0,164	0,000
35,160	0,000	-0,030	0,164	0,000
35,180	0,000	-0,042	0,164	0,000
35,200	0,000	-0,048	0,164	0,000
35,220	0,000	-0,053	0,164	0,000
35,240	0,000	-0,055	0,164	0,000
35,260	0,000	-0,059	0,164	0,000
35,280	0,000	-0,059	0,164	0,000
35,300	0,000	-0,063	0,164	0,000
35,320	0,000	-0,061	0,164	0,000
35,340	0,000	-0,063	0,164	0,000
35,360	0,000	-0,060	0,164	0,000
35,380	0,000	-0,058	0,164	0,000
35,400	0,000	-0,055	0,164	0,000
35,420	0,000	-0,054	0,164	0,000
35,440	0,000	-0,046	0,164	0,000
35,460	0,000	-0,042	0,164	0,000
35,480	0,000	-0,033	0,164	0,000
35,500	0,000	-0,027	0,164	0,000
35,520	0,000	-0,019	0,164	0,000
35,540	0,000	-0,017	0,164	0,000
35,560	0,000	-0,007	0,164	0,000
35,580	0,000	0,005	0,164	0,000
35,600	0,000	0,012	0,164	0,000
35,620	0,000	0,018	0,164	0,000
35,640	0,000	0,025	0,163	0,000
35,660	0,000	0,031	0,162	0,000
35,680	0,000	0,043	0,156	0,000
35,700	0,000	0,048	0,156	0,000
35,720	0,000	0,052	0,156	0,000
35,740	0,000	0,059	0,156	0,000
35,760	0,000	0,060	0,156	0,000
35,780	0,000	0,061	0,156	0,000
35,800	0,000	0,064	0,156	0,000
35,820	0,000	0,061	0,156	0,000
35,840	0,000	0,066	0,156	0,000
35,860	0,000	0,065	0,156	0,000
35,880	0,000	0,061	0,156	0,000
35,900	0,000	0,061	0,156	0,000
35,920	0,000	0,061	0,156	0,000
35,940	0,000	0,053	0,156	0,000
35,960	0,000	0,053	0,156	0,000
35,980	0,000	0,046	0,156	0,000
36,000	0,000	0,040	0,156	0,000
36,020	0,000	0,030	0,156	0,000
36,040	0,000	0,024	0,156	0,000
36,060	0,000	0,019	0,156	0,000
36,080	0,000	0,014	0,156	0,000
36,100	0,000	0,002	0,156	0,000
36,120	0,000	-0,002	0,156	0,000
36,140	0,000	-0,016	0,156	0,000
36,160	0,000	-0,019	0,156	0,000
36,180	0,000	-0,026	0,153	0,000
36,200	0,000	-0,030	0,153	0,000
36,220	0,000	-0,039	0,153	0,000
36,240	0,000	-0,042	0,153	0,000
36,260	0,000	-0,049	0,153	0,000
36,280	0,000	-0,053	0,153	0,000
36,300	0,000	-0,054	0,153	0,000
36,320	0,000	-0,055	0,153	0,000
36,340	0,000	-0,060	0,153	0,000
36,360	0,000	-0,059	0,153	0,000
36,380	0,000	-0,059	0,153	0,000
36,400	0,000	-0,056	0,153	0,000
36,420	0,000	-0,055	0,153	0,000
36,440	0,000	-0,049	0,153	0,000
36,460	0,000	-0,051	0,153	0,000
36,480	0,000	-0,042	0,153	0,000
36,500	0,000	-0,038	0,153	0,000
36,520	0,000	-0,031	0,153	0,000
36,540	0,000	-0,023	0,153	0,000
36,560	0,000	-0,014	0,153	0,000
36,580	0,000	-0,012	0,153	0,000
36,600	0,000	-0,001	0,153	0,000
36,620	0,000	0,005	0,153	0,000
36,640	0,000	0,011	0,153	0,000
36,660	0,000	0,020	0,153	0,000
36,680	0,000	0,028	0,153	0,000
36,700	0,000	0,032	0,153	0,000
36,720	0,000	0,042	0,153	0,000
36,740	0,000	0,045	0,153	0,000
36,760	0,000	0,053	0,153	0,000
36,780	0,000	0,053	0,153	0,000
36,800	0,000	0,061	0,153	0,000
36,820	0,000	0,059	0,153	0,000
36,840	0,000	0,062	0,153	0,000
36,860	0,000	0,059	0,153	0,000
36,880	0,000	0,068	0,153	0,000
36,900	0,000	0,061	0,153	0,000
36,920	0,000	0,065	0,153	0,000
36,940	0,000	0,061	0,153	0,000
36,960	0,000	0,059	0,153	0,000
36,980	0,000	0,050	0,153	0,000
37,000	0,000	0,049	0,153	0,000
37,020	0,000	0,041	0,153	0,000
37,040	0,000	0,037	0,153	0,000
37,060	0,000	0,028	0,153	0,000
37,080	0,000	0,022	0,153	0,000
37,100	0,000	0,016	0,153	0,000
37,120	0,000	0,009	0,153	0,000
37,140	0,000	0,001	0,153	0,000
37,160	0,000	-0,005	0,153	0,000
37,180	0,000	-0,016	0,151	0,000
37,200	0,000	-0,017	0,151	0,000
37,220	0,000	-0,030	0,149	0,000
37,240	0,000	-0,030	0,149	0,000
37,260	0,000	-0,036	0,149	0,000
37,280	0,000	-0,038	0,149	0,000
37,300	0,000	-0,044	0,149	0,000
37,320	0,000	-0,046	0,149	0,000
37,340	0,000	-0,054	0,149	0,000
37,360	0,000	-0,054	0,149	0,000
37,380	0,000	-0,055	0,149	0,000
37,400	0,000	-0,054	0,149	0,000
37,420	0,000	-0,057	0,149	0,000
37,440	0,000	-0,050	0,149	0,000
37,460	0,000	-0,053	0,149	0,000
37,480	0,000	-0,046	0,149	0,000
37,500	0,000	-0,044	0,149	0,000
37,520	0,000	-0,038	0,149	0,000
37,540	0,000	-0,032	0,149	0,000
37,560	0,000	-0,025	0,149	0,000
37,580	0,000	-0,022	0,149	0,000
37,600	0,000	-0,016	0,149	0,000
37,620	0,000	-0,007	0,149	0,000
37,640	0,000	0,003	0,149	0,000
37,660	0,000	0,012	0,149	0,000
37,680	0,000	0,014	0,149	0,000
37,700	0,000	0,021	0,149	0,000
37,720	0,000	0,025	0,147	0,000
37,740	0,000	0,032	0,147	0,000
37,760	0,000	0,037	0,143	0,000
37,780	0,000	0,042	0,143	0,000
37,800	0,000	0,049	0,143	0,000
37,820	0,000	0,053	0,143	0,000
37,840	0,000	0,055	0,143	0,000
37,860	0,000	0,055	0,143	0,000
37,880	0,000	0,057	0,143	0,000
37,900	0,000	0,057	0,143	0,000
37,920	0,000	0,058	0,143	0,000
37,940	0,000	0,056	0,143	0,000
37,960	0,000	0,059	0,143	0,000
37,980	0,000	0,054	0,143	0,000
38,000	0,000	0,053	0,143	0,000
38,020	0,000	0,045	0,143	0,000
38,040	0,000	0,044	0,143	0,000
38,060	0,000	0,035	0,143	0,000
38,080	0,000	0,032	0,143	0,000
38,100	0,000	0,024	0,143	0,000
38,120	0,000	0,021	0,143	0,000
38,140	0,000	0,012	0,143	0,000
38,160	0,000	0,007	0,143	0,000
38,180	0,000	-0,001	0,143	0,000
38,200	0,000	-0,002	0,143	0,000
38,220	0,000	-0,015	0,141	0,000
38,240	0,000	-0,018	0,140	0,000
38,260	0,000	-0,026	0,140	0,000
38,280	0,000	-0,033	0,140	0,000
38,300	0,000	-0,034	0,140	0,000
38,320	0,000	-0,039	0,140	0,000
38,340	0,000	-0,043	0,140	0,000
38,360	0,000	-0,051	0,140	0,000
38,380	0,000	-0,051	0,140	0,000
38,400	0,000	-0,051	0,140	0,000
38,420	0,000	-0,050	0,140	0,000
38,440	0,000	-0,052	0,140	0,000
38,460	0,000	-0,053	0,140	0,000
38,480	0,000	-0,046	0,140	0,000
38,500	0,000	-0,046	0,140	0,000
38,520	0,000	-0,038	0,140	0,000
38,540	0,000	-0,038	0,140	0,000
38,560	0,000	-0,032	0,140	0,000
38,580	0,000	-0,029	0,140	0,000
38,600	0,000	-0,023	0,140	0,000
38,620	0,000	-0,015	0,140	0,000
38,640	0,000	-0,009	0,140	0,000
38,660	0,000	-0,001	0,140	0,000
38,680	0,000	0,010	0,140	0,000
38,700	0,000	0,011	0,140	0,000
38,720	0,000	0,019	0,140	0,000
38,740	0,000	0,022	0,140	0,000
38,760	0,000	0,024	0,140	0,000
38,780	0,000	0,035	0,140	0,000
38,800	0,000	0,041	0,140	0,000
38,820	0,000	0,039	0,140	0,000
38,840	0,000	0,046	0,140	0,000
38,860	0,000	0,049	0,140	0,000
38,880	0,000	0,052	0,140	0,000
38,900	0,000	0,051	0,140	0,000
38,920	0,000	0,057	0,140	0,000
38,940	0,000	0,053	0,140	0,000
38,960	0,000	0,058	0,140	0,000
38,980	0,000	0,051	0,140	0,000
39,000	0,000	0,053	0,140	0,000
39,020	0,000	0,048	0,140	0,000
39,040	0,000	0,049	0,140	0,000
39,060	0,000	0,038	0,140	0,000
39,080	0,000	0,041	0,140	0,000
39,100	0,000	0,030	0,140	0,000
39,120	0,000	0,028	0,140	0,000
39,140	0,000	0,018	0,140	0,000
39,160	0,000	0,016	0,140	0,000
39,180	0,000	0,010	0,140	0,000
39,200	0,000	0,004	0,140	0,000
39,220	0,000	-0,007	0,140	0,000
39,240	0,000	-0,009	0,140	0,000
39,260	0,000	-0,017	0,140	0,000
39,280	0,000	-0,020	0,140	0,000
39,300	0,000	-0,028	0,138	0,000
39,320	0,000	-0,029	0,136	0,000
39,340	0,000	-0,038	0,136	0,000
39,360	0,000	-0,040	0,136	0,000
39,380	0,000	-0,046	0,136	0,000
39,400	0,000	-0,047	0,136	0,000
39,420	0,000	-0,049	0,136	0,000
39,440	0,000	-0,051	0,136	0,000
39,460	0,000	-0,047	0,136	0,000
39,480	0,000	-0,047	0,136	0,000
39,500	0,000	-0,050	0,136	0,000
39,520	0,000	-0,046	0,136	0,000
39,540	0,000	-0,044	0,136	0,000
39,560	0,000	-0,037	0,136	0,000
39,580	0,000	-0,036	0,136	0,000
39,600	0,000	-0,030	0,136	0,000
39,620	0,000	-0,023	0,136	0,000
39,640	0,000	-0,018	0,136	0,000
39,660	0,000	-0,013	0,136	0,000
39,680	0,000	-0,007	0,136	0,000
39,700	0,000	-0,001	0,136	0,000
39,720	0,000	0,009	0,136	0,000
39,740	0,000	0,011	0,136	0,000
39,760	0,000	0,020	0,136	0,000
39,780	0,000	0,023	0,136	0,000
39,800	0,000	0,028	0,131	0,000
39,820	0,000	0,032	0,131	0,000
39,840	0,000	0,036	0,131	0,000
39,860	0,000	0,041	0,131	0,000
39,880	0,000	0,048	0,131	0,000
39,900	0,000	0,049	0,131	0,000
39,920	0,000	0,052	0,131	0,000
39,940	0,000	0,050	0,131	0,000
39,960	0,000	0,054	0,131	0,000
39,980	0,000	0,053	0,131	0,000
40,000	0,000	0,056	0,131	0,000
40,020	0,000	0,051	0,131	0,000
40,040	0,000	0,051	0,131	0,000
40,060	0,000	0,044	0,131	0,000
40,080	0,000	0,045	0,131	0,000
40,100	0,000	0,037	0,131	0,000
40,120	0,000	0,036	0,131	0,000
40,140	0,000	0,030	0,131	0,000
40,160	0,000	0,027	0,131	0,000
40,180	0,000	0,020	0,131	0,000
40,200	0,000	0,013	0,131	0,000
40,220	0,000	0,005	0,131	0,000
40,240	0,000	0,001	0,131	0,000
40,260	0,000	-0,005	0,131	0,000
40,280	0,000	-0,012	0,131	0,000
40,300	0,000	-0,020	0,131	0,000
40,320	0,000	-0,022	0,131	0,000
40,340	0,000	-0,030	0,128	0,000
40,360	0,000	-0,031	0,128	0,000
40,380	0,000	-0,034	0,128	0,000
40,400	0,000	-0,039	0,128	0,000
40,420	0,000	-0,042	0,128	0,000
40,440	0,000	-0,046	0,128	0,000
40,460	0,000	-0,048	0,128	0,000
40,480	0,000	-0,046	0,128	0,000
40,500	0,000	-0,046	0,128	0,000
40,520	0,000	-0,046	0,128	0,000
40,540	0,000	-0,046	0,128	0,000
40,560	0,000	-0,042	0,128	0,000
40,580	0,000	-0,039	0,128	0,000
40,600	0,000	-0,037	0,128	0,000
40,620	0,000	-0,030	0,128	0,000
40,640	0,000	-0,026	0,128	0,000
40,660	0,000	-0,022	0,128	0,000
40,680	0,000	-0,017	0,128	0,000
40,700	0,000	-0,014	0,128	0,000
40,720	0,000	-0,006	0,128	0,000
40,740	0,000	-0,001	0,128	0,000
40,760	0,000	0,007	0,128	0,000
40,780	0,000	0,012	0,128	0,000
40,800	0,000	0,020	0,128	0,000
40,820	0,000	0,024	0,128	0,000
40,840	0,000	0,025	0,128	0,000
40,860	0,000	0,030	0,128	0,000
40,880	0,000	0,036	0,128	0,000
40,900	0,000	0,039	0,128	0,000
40,920	0,000	0,047	0,128	0,000
40,940	0,000	0,045	0,128	0,000
40,960	0,000	0,051	0,128	0,000
40,980	0,000	0,050	0,128	0,000
41,000	0,000	0,052	0,128	0,000
41,020	0,000	0,051	0,128	0,000
41,040	0,000	0,053	0,128	0,000
41,060	0,000	0,046	0,128	0,000
41,080	0,000	0,049	0,128	0,000
41,100	0,000	0,041	0,128	0,000
41,120	0,000	0,043	0,128	0,000
41,140	0,000	0,033	0,128	0,000
41,160	0,000	0,031	0,128	0,000
41,180	0,000	0,024	0,128	0,000
41,200	0,000	0,020	0,128	0,000
41,220	0,000	0,012	0,128	0,000
41,240	0,000	0,014	0,128	0,000
41,260	0,000	0,004	0,128	0,000
41,280	0,000	0,003	0,128	0,000
41,300	0,000	-0,005	0,128	0,000
41,320	0,000	-0,013	0,128	0,000
41,340	0,000	-0,017	0,127	0,000
41,360	0,000	-0,024	0,126	0,000
41,380	0,000	-0,029	0,125	0,000
41,400	0,000	-0,031	0,125	0,000
41,420	0,000	-0,036	0,125	0,000
41,440	0,000	-0,041	0,125	0,000
41,460	0,000	-0,041	0,125	0,000
41,480	0,000	-0,046	0,125	0,000
41,500	0,000	-0,047	0,125	0,000
41,520	0,000	-0,044	0,125	0,000
41,540	0,000	-0,046	0,125	0,000
41,560	0,000	-0,046	0,125	0,000
41,580	0,000	-0,041	0,125	0,000
41,600	0,000	-0,037	0,125	0,000
41,620	0,000	-0,035	0,125	0,000
41,640	0,000	-0,034	0,125	0,000
41,660	0,000	-0,027	0,125	0,000
41,680	0,000	-0,024	0,125	0,000
41,700	0,000	-0,021	0,125	0,000
41,720	0,000	-0,015	0,125	0,000
41,740	0,000	-0,011	0,125	0,000
41,760	0,000	-0,005	0,125	0,000
41,780	0,000	0,005	0,125	0,000
41,800	0,000	0,009	0,125	0,000
41,820	0,000	0,014	0,125	0,000
41,840	0,000	0,018	0,125	0,000
41,860	0,000	0,024	0,125	0,000
41,880	0,000	0,029	0,122	0,000
41,900	0,000	0,032	0,122	0,000
41,920	0,000	0,039	0,118	0,000
41,940	0,000	0,042	0,116	0,000
41,960	0,000	0,045	0,116	0,000
41,980	0,000	0,043	0,116	0,000
42,000	0,000	0,052	0,116	0,000
42,020	0,000	0,049	0,116	0,000
42,040	0,000	0,053	0,116	0,000
42,060	0,000	0,048	0,116	0,000
42,080	0,000	0,050	0,116	0,000
42,100	0,000	0,045	0,116	0,000
42,120	0,000	0,047	0,116	0,000
42,140	0,000	0,036	0,116	0,000
42,160	0,000	0,038	0,116	0,000
42,180	0,000	0,032	0,116	0,000
42,200	0,000	0,032	0,116	0,000
42,220	0,000	0,023	0,116	0,000
42,240	0,000	0,021	0,116	0,000
42,260	0,000	0,014	0,116	0,000
42,280	0,000	0,013	0,116	0,000
42,300	0,000	0,006	0,116	0,000
42,320	0,000	0,004	0,116	0,000
42,340	0,000	-0,005	0,116	0,000
42,360	0,000	-0,009	0,116	0,000
42,380	0,000	-0,015	0,116	0,000
42,400	0,000	-0,022	0,116	0,000
42,420	0,000	-0,029	0,112	0,000
42,440	0,000	-0,031	0,112	0,000
42,460	0,000	-0,034	0,112	0,000
42,480	0,000	-0,036	0,112	0,000
42,500	0,000	-0,040	0,112	0,000
42,520	0,000	-0,039	0,112	0,000
42,540	0,000	-0,043	0,112	0,000
42,560	0,000	-0,041	0,112	0,000
42,580	0,000	-0,041	0,112	0,000
42,600	0,000	-0,039	0,112	0,000
42,620	0,000	-0,039	0,112	0,000
42,640	0,000	-0,037	0,112	0,000
42,660	0,000	-0,030	0,112	0,000
42,680	0,000	-0,030	0,112	0,000
42,700	0,000	-0,026	0,112	0,000
42,720	0,000	-0,022	0,112	0,000
42,740	0,000	-0,017	0,112	0,000
42,760	0,000	-0,014	0,112	0,000
42,780	0,000	-0,009	0,112	0,000
42,800	0,000	0,000	0,112	0,000
42,820	0,000	0,003	0,112	0,000
42,840	0,000	0,015	0,112	0,000
42,860	0,000	0,015	0,112	0,000
42,880	0,000	0,020	0,112	0,000
42,900	0,000	0,025	0,112	0,000
42,920	0,000	0,028	0,112	0,000
42,940	0,000	0,032	0,112	0,000
42,960	0,000	0,040	0,111	0,000
42,980	0,000	0,039	0,111	0,000
43,000	0,000	0,045	0,111	0,000
43,020	0,000	0,046	0,111	0,000
43,040	0,000	0,048	0,111	0,000
43,060	0,000	0,044	0,111	0,000
43,080	0,000	0,046	0,111	0,000
43,100	0,000	0,042	0,111	0,000
43,120	0,000	0,045	0,111	0,000
43,140	0,000	0,040	0,111	0,000
43,160	0,000	0,042	0,111	0,000
43,180	0,000	0,039	0,111	0,000
43,200	0,000	0,038	0,111	0,000
43,220	0,000	0,028	0,111	0,000
43,240	0,000	0,028	0,111	0,000
43,260	0,000	0,019	0,111	0,000
43,280	0,000	0,017	0,111	0,000
43,300	0,000	0,012	0,111	0,000
43,320	0,000	0,010	0,111	0,000
43,340	0,000	0,001	0,111	0,000
43,360	0,000	-0,004	0,111	0,000
43,380	0,000	-0,009	0,111	0,000
43,400	0,000	-0,012	0,111	0,000
43,420	0,000	-0,022	0,111	0,000
43,440	0,000	-0,026	0,111	0,000
43,460	0,000	-0,029	0,110	0,000
43,480	0,000	-0,031	0,110	0,000
43,500	0,000	-0,034	0,110	0,000
43,520	0,000	-0,037	0,110	0,000
43,540	0,000	-0,038	0,110	0,000
43,560	0,000	-0,040	0,110	0,000
43,580	0,000	-0,040	0,110	0,000
43,600	0,000	-0,041	0,110	0,000
43,620	0,000	-0,040	0,110	0,000
43,640	0,000	-0,041	0,110	0,000
43,660	0,000	-0,039	0,110	0,000
43,680	0,000	-0,034	0,110	0,000
43,700	0,000	-0,033	0,110	0,000
43,720	0,000	-0,031	0,110	0,000
43,740	0,000	-0,025	0,110	0,000
43,760	0,000	-0,021	0,110	0,000
43,780	0,000	-0,015	0,110	0,000
43,800	0,000	-0,009	0,110	0,000
43,820	0,000	-0,005	0,110	0,000
43,840	0,000	0,001	0,110	0,000
43,860	0,000	0,005	0,110	0,000
43,880	0,000	0,013	0,110	0,000
43,900	0,000	0,015	0,110	0,000
43,920	0,000	0,021	0,110	0,000
43,940	0,000	0,024	0,110	0,000
43,960	0,000	0,030	0,107	0,000
43,980	0,000	0,032	0,107	0,000
44,000	0,000	0,039	0,107	0,000
44,020	0,000	0,039	0,107	0,000
44,040	0,000	0,045	0,107	0,000
44,060	0,000	0,043	0,107	0,000
44,080	0,000	0,048	0,107	0,000
44,100	0,000	0,045	0,107	0,000
44,120	0,000	0,049	0,107	0,000
44,140	0,000	0,044	0,107	0,000
44,160	0,000	0,049	0,107	0,000
44,180	0,000	0,040	0,107	0,000
44,200	0,000	0,042	0,107	0,000
44,220	0,000	0,036	0,107	0,000
44,240	0,000	0,034	0,107	0,000
44,260	0,000	0,026	0,107	0,000
44,280	0,000	0,026	0,107	0,000
44,300	0,000	0,020	0,107	0,000
44,320	0,000	0,016	0,107	0,000
44,340	0,000	0,012	0,107	0,000
44,360	0,000	0,010	0,107	0,000
44,380	0,000	-0,001	0,107	0,000
44,400	0,000	-0,005	0,107	0,000
44,420	0,000	-0,012	0,107	0,000
44,440	0,000	-0,016	0,106	0,000
44,460	0,000	-0,019	0,106	0,000
44,480	0,000	-0,026	0,106	0,000
44,500	0,000	-0,029	0,104	0,000
44,520	0,000	-0,030	0,104	0,000
44,540	0,000	-0,032	0,104	0,000
44,560	0,000	-0,037	0,104	0,000
44,580	0,000	-0,038	0,104	0,000
44,600	0,000	-0,039	0,104	0,000
44,620	0,000	-0,042	0,104	0,000
44,640	0,000	-0,040	0,104	0,000
44,660	0,000	-0,039	0,104	0,000
44,680	0,000	-0,040	0,104	0,000
44,700	0,000	-0,038	0,104	0,000
44,720	0,000	-0,034	0,104	0,000
44,740	0,000	-0,031	0,104	0,000
44,760	0,000	-0,028	0,104	0,000
44,780	0,000	-0,022	0,104	0,000
44,800	0,000	-0,022	0,104	0,000
44,820	0,000	-0,016	0,104	0,000
44,840	0,000	-0,006	0,104	0,000
44,860	0,000	-0,005	0,104	0,000
44,880	0,000	0,003	0,104	0,000
44,900	0,000	0,008	0,104	0,000
44,920	0,000	0,012	0,104	0,000
44,940	0,000	0,012	0,104	0,000
44,960	0,000	0,024	0,104	0,000
44,980	0,000	0,022	0,104	0,000
45,000	0,000	0,032	0,102	0,000
45,020	0,000	0,030	0,102	0,000
45,040	0,000	0,042	0,102	0,000
45,060	0,000	0,035	0,102	0,000
45,080	0,000	0,046	0,102	0,000
45,100	0,000	0,042	0,102	0,000
45,120	0,000	0,047	0,102	0,000
45,140	0,000	0,044	0,102	0,000
45,160	0,000	0,046	0,102	0,000
45,180	0,000	0,042	0,102	0,000
45,200	0,000	0,045	0,102	0,000
45,220	0,000	0,041	0,102	0,000
45,240	0,000	0,041	0,102	0,000
45,260	0,000	0,036	0,102	0,000
45,280	0,000	0,035	0,102	0,000
45,300	0,000	0,025	0,102	0,000
45,320	0,000	0,022	0,102	0,000
45,340	0,000	0,022	0,102	0,000
45,360	0,000	0,016	0,102	0,000
45,380	0,000	0,013	0,102	0,000
45,400	0,000	0,009	0,102	0,000
45,420	0,000	0,003	0,102	0,000
45,440	0,000	-0,005	0,102	0,000
45,460	0,000	-0,013	0,101	0,000
45,480	0,000	-0,017	0,101	0,000
45,500	0,000	-0,020	0,101	0,000
45,520	0,000	-0,021	0,101	0,000
45,540	0,000	-0,027	0,101	0,000
45,560	0,000	-0,034	0,101	0,000
45,580	0,000	-0,034	0,101	0,000
45,600	0,000	-0,035	0,101	0,000
45,620	0,000	-0,038	0,101	0,000
45,640	0,000	-0,038	0,101	0,000
45,660	0,000	-0,042	0,101	0,000
45,680	0,000	-0,039	0,101	0,000
45,700	0,000	-0,037	0,101	0,000
45,720	0,000	-0,035	0,101	0,000
45,740	0,000	-0,036	0,101	0,000
45,760	0,000	-0,034	0,101	0,000
45,780	0,000	-0,030	0,101	0,000
45,800	0,000	-0,027	0,101	0,000
45,820	0,000	-0,022	0,101	0,000
45,840	0,000	-0,018	0,101	0,000
45,860	0,000	-0,012	0,101	0,000
45,880	0,000	-0,005	0,101	0,000
45,900	0,000	-0,005	0,101	0,000
45,920	0,000	0,005	0,101	0,000
45,940	0,000	0,008	0,101	0,000
45,960	0,000	0,012	0,101	0,000
45,980	0,000	0,012	0,101	0,000
46,000	0,000	0,023	0,101	0,000
46,020	0,000	0,024	0,101	0,000
46,040	0,000	0,028	0,100	0,000
46,060	0,000	0,028	0,100	0,000
46,080	0,000	0,036	0,100	0,000
46,100	0,000	0,035	0,100	0,000
46,120	0,000	0,041	0,100	0,000
46,140	0,000	0,041	0,100	0,000
46,160	0,000	0,043	0,100	0,000
46,180	0,000	0,046	0,100	0,000
46,200	0,000	0,048	0,100	0,000
46,220	0,000	0,045	0,100	0,000
46,240	0,000	0,043	0,100	0,000
46,260	0,000	0,041	0,100	0,000
46,280	0,000	0,037	0,100	0,000
46,300	0,000	0,033	0,100	0,000
46,320	0,000	0,032	0,100	0,000
46,340	0,000	0,025	0,100	0,000
46,360	0,000	0,020	0,100	0,000
46,380	0,000	0,019	0,100	0,000
46,400	0,000	0,016	0,100	0,000
46,420	0,000	0,010	0,100	0,000
46,440	0,000	0,007	0,100	0,000
46,460	0,000	-0,001	0,100	0,000
46,480	0,000	-0,002	0,100	0,000
46,500	0,000	-0,009	0,099	0,000
46,520	0,000	-0,017	0,099	0,000
46,540	0,000	-0,016	0,099	0,000
46,560	0,000	-0,022	0,096	0,000
46,580	0,000	-0,025	0,096	0,000
46,600	0,000	-0,030	0,096	0,000
46,620	0,000	-0,030	0,096	0,000
46,640	0,000	-0,036	0,096	0,000
46,660	0,000	-0,038	0,096	0,000
46,680	0,000	-0,035	0,096	0,000
46,700	0,000	-0,036	0,096	0,000
46,720	0,000	-0,038	0,096	0,000
46,740	0,000	-0,038	0,096	0,000
46,760	0,000	-0,034	0,096	0,000
46,780	0,000	-0,035	0,096	0,000
46,800	0,000	-0,029	0,096	0,000
46,820	0,000	-0,032	0,096	0,000
46,840	0,000	-0,026	0,096	0,000
46,860	0,000	-0,024	0,096	0,000
46,880	0,000	-0,016	0,096	0,000
46,900	0,000	-0,012	0,096	0,000
46,920	0,000	-0,007	0,096	0,000
46,940	0,000	-0,004	0,096	0,000
46,960	0,000	0,003	0,096	0,000
46,980	0,000	0,007	0,096	0,000
47,000	0,000	0,013	0,096	0,000
47,020	0,000	0,012	0,096	0,000
47,040	0,000	0,020	0,093	0,000
47,060	0,000	0,022	0,093	0,000
47,080	0,000	0,028	0,092	0,000
47,100	0,000	0,030	0,092	0,000
47,120	0,000	0,035	0,092	0,000
47,140	0,000	0,038	0,092	0,000
47,160	0,000	0,041	0,092	0,000
47,180	0,000	0,040	0,092	0,000
47,200	0,000	0,042	0,092	0,000
47,220	0,000	0,042	0,092	0,000
47,240	0,000	0,043	0,092	0,000
47,260	0,000	0,044	0,092	0,000
47,280	0,000	0,039	0,092	0,000
47,300	0,000	0,037	0,092	0,000
47,320	0,000	0,035	0,092	0,000
47,340	0,000	0,028	0,092	0,000
47,360	0,000	0,032	0,092	0,000
47,380	0,000	0,025	0,092	0,000
47,400	0,000	0,024	0,092	0,000
47,420	0,000	0,019	0,092	0,000
47,440	0,000	0,019	0,092	0,000
47,460	0,000	0,013	0,092	0,000
47,480	0,000	0,007	0,092	0,000
47,500	0,000	0,001	0,092	0,000
47,520	0,000	-0,008	0,092	0,000
47,540	0,000	-0,012	0,090	0,000
47,560	0,000	-0,014	0,090	0,000
47,580	0,000	-0,017	0,090	0,000
47,600	0,000	-0,019	0,090	0,000
47,620	0,000	-0,022	0,090	0,000
47,640	0,000	-0,023	0,090	0,000
47,660	0,000	-0,032	0,090	0,000
47,680	0,000	-0,030	0,090	0,000
47,700	0,000	-0,033	0,090	0,000
47,720	0,000	-0,034	0,090	0,000
47,740	0,000	-0,036	0,090	0,000
47,760	0,000	-0,036	0,090	0,000
47,780	0,000	-0,035	0,090	0,000
47,800	0,000	-0,032	0,090	0,000
47,820	0,000	-0,031	0,090	0,000
47,840	0,000	-0,030	0,090	0,000
47,860	0,000	-0,025	0,090	0,000
47,880	0,000	-0,020	0,090	0,000
47,900	0,000	-0,022	0,090	0,000
47,920	0,000	-0,013	0,090	0,000
47,940	0,000	-0,016	0,090	0,000
47,960	0,000	-0,009	0,090	0,000
47,980	0,000	-0,002	0,090	0,000
48,000	0,000	0,004	0,090	0,000
48,020	0,000	0,006	0,090	0,000
48,040	0,000	0,011	0,090	0,000
48,060	0,000	0,012	0,090	0,000
48,080	0,000	0,016	0,090	0,000
48,100	0,000	0,020	0,090	0,000
48,120	0,000	0,025	0,090	0,000
48,140	0,000	0,029	0,090	0,000
48,160	0,000	0,033	0,090	0,000
48,180	0,000	0,033	0,090	0,000
48,200	0,000	0,036	0,090	0,000
48,220	0,000	0,036	0,090	0,000
48,240	0,000	0,037	0,090	0,000
48,260	0,000	0,038	0,090	0,000
48,280	0,000	0,040	0,090	0,000
48,300	0,000	0,039	0,090	0,000
48,320	0,000	0,041	0,090	0,000
48,340	0,000	0,032	0,090	0,000
48,360	0,000	0,036	0,090	0,000
48,380	0,000	0,031	0,090	0,000
48,400	0,000	0,034	0,090	0,000
48,420	0,000	0,027	0,090	0,000
48,440	0,000	0,024	0,090	0,000
48,460	0,000	0,016	0,090	0,000
48,480	0,000	0,014	0,090	0,000
48,500	0,000	0,010	0,090	0,000
48,520	0,000	0,006	0,090	0,000
48,540	0,000	0,001	0,090	0,000
48,560	0,000	-0,005	0,090	0,000
48,580	0,000	-0,006	0,090	0,000
48,600	0,000	-0,012	0,090	0,000
48,620	0,000	-0,017	0,090	0,000
48,640	0,000	-0,021	0,090	0,000
48,660	0,000	-0,025	0,090	0,000
48,680	0,000	-0,025	0,090	0,000
48,700	0,000	-0,029	0,090	0,000
48,720	0,000	-0,028	0,090	0,000
48,740	0,000	-0,032	0,090	0,000
48,760	0,000	-0,034	0,090	0,000
48,780	0,000	-0,033	0,090	0,000
48,800	0,000	-0,030	0,090	0,000
48,820	0,000	-0,033	0,090	0,000
48,840	0,000	-0,027	0,090	0,000
48,860	0,000	-0,031	0,090	0,000
48,880	0,000	-0,027	0,090	0,000
48,900	0,000	-0,024	0,090	0,000
48,920	0,000	-0,020	0,090	0,000
48,940	0,000	-0,021	0,090	0,000
48,960	0,000	-0,014	0,090	0,000
48,980	0,000	-0,015	0,090	0,000
49,000	0,000	-0,005	0,090	0,000
49,020	0,000	-0,001	0,090	0,000
49,040	0,000	0,004	0,090	0,000
49,060	0,000	0,005	0,090	0,000
49,080	0,000	0,010	0,090	0,000
49,100	0,000	0,012	0,090	0,000
49,120	0,000	0,017	0,090	0,000
49,140	0,000	0,020	0,090	0,000
49,160	0,000	0,021	0,089	0,000
49,180	0,000	0,028	0,089	0,000
49,200	0,000	0,030	0,089	0,000
49,220	0,000	0,032	0,089	0,000
49,240	0,000	0,036	0,089	0,000
49,260	0,000	0,034	0,089	0,000
49,280	0,000	0,036	0,089	0,000
49,300	0,000	0,035	0,089	0,000
49,320	0,000	0,038	0,089	0,000
49,340	0,000	0,033	0,089	0,000
49,360	0,000	0,035	0,089	0,000
49,380	0,000	0,032	0,089	0,000
49,400	0,000	0,033	0,089	0,000
49,420	0,000	0,030	0,089	0,000
49,440	0,000	0,028	0,089	0,000
49,460	0,000	0,023	0,089	0,000
49,480	0,000	0,020	0,089	0,000
49,500	0,000	0,019	0,089	0,000
49,520	0,000	0,010	0,089	0,000
49,540	0,000	0,010	0,089	0,000
49,560	0,000	0,010	0,089	0,000
49,580	0,000	0,003	0,089	0,000
49,600	0,000	-0,003	0,089	0,000
49,620	0,000	-0,004	0,089	0,000
49,640	0,000	-0,009	0,089	0,000
49,660	0,000	-0,011	0,089	0,000
49,680	0,000	-0,020	0,089	0,000
49,700	0,000	-0,020	0,089	0,000
49,720	0,000	-0,023	0,089	0,000
49,740	0,000	-0,026	0,089	0,000
49,760	0,000	-0,028	0,089	0,000
49,780	0,000	-0,026	0,089	0,000
49,800	0,000	-0,028	0,089	0,000
49,820	0,000	-0,032	0,089	0,000
49,840	0,000	-0,028	0,089	0,000
49,860	0,000	-0,028	0,089	0,000
49,880	0,000	-0,027	0,089	0,000
49,900	0,000	-0,025	0,089	0,000
49,920	0,000	-0,020	0,089	0,000
49,940	0,000	-0,022	0,089	0,000
49,960	0,000	-0,018	0,089	0,000
49,980	0,000	-0,017	0,089	0,000
50,000	0,000	-0,014	0,089	0,000
50,020	0,000	-0,011	0,089	0,000
50,040	0,000	-0,003	0,089	0,000
50,060	0,000	-0,004	0,089	0,000
50,080	0,000	0,005	0,089	0,000
50,100	0,000	0,005	0,089	0,000
50,120	0,000	0,013	0,089	0,000
50,140	0,000	0,012	0,089	0,000
50,160	0,000	0,018	0,089	0,000
50,180	0,000	0,016	0,089	0,000
50,200	0,000	0,024	0,089	0,000
50,220	0,000	0,025	0,089	0,000
50,240	0,000	0,028	0,089	0,000
50,260	0,000	0,028	0,089	0,000
50,280	0,000	0,033	0,089	0,000
50,300	0,000	0,032	0,089	0,000
50,320	0,000	0,034	0,089	0,000
50,340	0,000	0,032	0,089	0,000
50,360	0,000	0,032	0,089	0,000
50,380	0,000	0,031	0,089	0,000
50,400	0,000	0,032	0,089	0,000
50,420	0,000	0,031	0,089	0,000
50,440	0,000	0,028	0,089	0,000
50,460	0,000	0,024	0,089	0,000
50,480	0,000	0,019	0,089	0,000
50,500	0,000	0,018	0,089	0,000
50,520	0,000	0,015	0,089	0,000
50,540	0,000	0,013	0,089	0,000
50,560	0,000	0,009	0,089	0,000
50,580	0,000	0,012	0,089	0,000
50,600	0,000	0,005	0,089	0,000
50,620	0,000	0,003	0,089	0,000
50,640	0,000	-0,002	0,089	0,000
50,660	0,000	-0,005	0,087	0,000
50,680	0,000	-0,010	0,085	0,000
50,700	0,000	-0,008	0,085	0,000
50,720	0,000	-0,017	0,085	0,000
50,740	0,000	-0,016	0,085	0,000
50,760	0,000	-0,024	0,085	0,000
50,780	0,000	-0,022	0,085	0,000
50,800	0,000	-0,023	0,085	0,000
50,820	0,000	-0,026	0,085	0,000
50,840	0,000	-0,030	0,085	0,000
50,860	0,000	-0,027	0,085	0,000
50,880	0,000	-0,027	0,085	0,000
50,900	0,000	-0,021	0,085	0,000
50,920	0,000	-0,026	0,085	0,000
50,940	0,000	-0,022	0,085	0,000
50,960	0,000	-0,022	0,085	0,000
50,980	0,000	-0,014	0,085	0,000
51,000	0,000	-0,013	0,085	0,000
51,020	0,000	-0,012	0,085	0,000
51,040	0,000	-0,009	0,085	0,000
51,060	0,000	-0,008	0,085	0,000
51,080	0,000	-0,002	0,085	0,000
51,100	0,000	0,003	0,085	0,000
51,120	0,000	0,004	0,085	0,000
51,140	0,000	0,009	0,085	0,000
51,160	0,000	0,012	0,085	0,000
51,180	0,000	0,015	0,085	0,000
51,200	0,000	0,018	0,082	0,000
51,220	0,000	0,019	0,081	0,000
51,240	0,000	0,023	0,081	0,000
51,260	0,000	0,020	0,081	0,000
51,280	0,000	0,028	0,081	0,000
51,300	0,000	0,028	0,081	0,000
51,320	0,000	0,031	0,081	0,000
51,340	0,000	0,024	0,081	0,000
51,360	0,000	0,030	0,081	0,000
51,380	0,000	0,028	0,081	0,000
51,400	0,000	0,028	0,081	0,000
51,420	0,000	0,023	0,081	0,000
51,440	0,000	0,029	0,081	0,000
51,460	0,000	0,021	0,081	0,000
51,480	0,000	0,028	0,081	0,000
51,500	0,000	0,020	0,081	0,000
51,520	0,000	0,019	0,081	0,000
51,540	0,000	0,015	0,081	0,000
51,560	0,000	0,013	0,081	0,000
51,580	0,000	0,010	0,081	0,000
51,600	0,000	0,011	0,081	0,000
51,620	0,000	0,011	0,081	0,000
51,640	0,000	0,002	0,081	0,000
51,660	0,000	-0,001	0,081	0,000
51,680	0,000	-0,001	0,081	0,000
51,700	0,000	-0,007	0,081	0,000
51,720	0,000	-0,010	0,081	0,000
51,740	0,000	-0,015	0,080	0,000
51,760	0,000	-0,017	0,080	0,000
51,780	0,000	-0,018	0,080	0,000
51,800	0,000	-0,022	0,080	0,000
51,820	0,000	-0,021	0,080	0,000
51,840	0,000	-0,030	0,080	0,000
51,860	0,000	-0,024	0,080	0,000
51,880	0,000	-0,025	0,080	0,000
51,900	0,000	-0,024	0,080	0,000
51,920	0,000	-0,022	0,080	0,000
51,940	0,000	-0,024	0,080	0,000
51,960	0,000	-0,024	0,080	0,000
51,980	0,000	-0,017	0,080	0,000
52,000	0,000	-0,014	0,080	0,000
52,020	0,000	-0,011	0,080	0,000
52,040	0,000	-0,011	0,080	0,000
52,060	0,000	-0,007	0,080	0,000
52,080	0,000	-0,006	0,080	0,000
52,100	0,000	-0,001	0,080	0,000
52,120	0,000	0,002	0,080	0,000
52,140	0,000	0,002	0,080	0,000
52,160	0,000	0,004	0,080	0,000
52,180	0,000	0,011	0,080	0,000
52,200	0,000	0,010	0,080	0,000
52,220	0,000	0,014	0,080	0,000
52,240	0,000	0,020	0,080	0,000
52,260	0,000	0,019	0,077	0,000
52,280	0,000	0,021	0,077	0,000
52,300	0,000	0,024	0,077	0,000
52,320	0,000	0,028	0,077	0,000
52,340	0,000	0,023	0,077	0,000
52,360	0,000	0,027	0,077	0,000
52,380	0,000	0,022	0,077	0,000
52,400	0,000	0,031	0,077	0,000
52,420	0,000	0,027	0,077	0,000
52,440	0,000	0,030	0,077	0,000
52,460	0,000	0,024	0,077	0,000
52,480	0,000	0,028	0,077	0,000
52,500	0,000	0,024	0,077	0,000
52,520	0,000	0,024	0,077	0,000
52,540	0,000	0,020	0,077	0,000
52,560	0,000	0,016	0,077	0,000
52,580	0,000	0,016	0,077	0,000
52,600	0,000	0,014	0,077	0,000
52,620	0,000	0,007	0,077	0,000
52,640	0,000	0,008	0,077	0,000
52,660	0,000	0,002	0,077	0,000
52,680	0,000	0,002	0,077	0,000
52,700	0,000	-0,004	0,077	0,000
52,720	0,000	-0,009	0,077	0,000
52,740	0,000	-0,013	0,077	0,000
52,760	0,000	-0,014	0,077	0,000
52,780	0,000	-0,015	0,076	0,000
52,800	0,000	-0,017	0,076	0,000
52,820	0,000	-0,020	0,076	0,000
52,840	0,000	-0,019	0,076	0,000
52,860	0,000	-0,026	0,076	0,000
52,880	0,000	-0,026	0,076	0,000
52,900	0,000	-0,023	0,076	0,000
52,920	0,000	-0,026	0,076	0,000
52,940	0,000	-0,022	0,076	0,000
52,960	0,000	-0,023	0,076	0,000
52,980	0,000	-0,022	0,076	0,000
53,000	0,000	-0,020	0,076	0,000
53,020	0,000	-0,018	0,076	0,000
53,040	0,000	-0,017	0,076	0,000
53,060	0,000	-0,015	0,076	0,000
53,080	0,000	-0,007	0,076	0,000
53,100	0,000	-0,005	0,076	0,000
53,120	0,000	-0,001	0,076	0,000
53,140	0,000	0,000	0,076	0,000
53,160	0,000	0,006	0,076	0,000
53,180	0,000	0,005	0,076	0,000
53,200	0,000	0,010	0,076	0,000
53,220	0,000	0,012	0,076	0,000
53,240	0,000	0,013	0,076	0,000
53,260	0,000	0,016	0,076	0,000
53,280	0,000	0,023	0,076	0,000
53,300	0,000	0,020	0,076	0,000
53,320	0,000	0,026	0,073	0,000
53,340	0,000	0,021	0,073	0,000
53,360	0,000	0,027	0,073	0,000
53,380	0,000	0,025	0,073	0,000
53,400	0,000	0,028	0,073	0,000
53,420	0,000	0,026	0,073	0,000
53,440	0,000	0,026	0,073	0,000
53,460	0,000	0,024	0,073	0,000
53,480	0,000	0,028	0,073	0,000
53,500	0,000	0,024	0,073	0,000
53,520	0,000	0,024	0,073	0,000
53,540	0,000	0,024	0,073	0,000
53,560	0,000	0,020	0,073	0,000
53,580	0,000	0,018	0,073	0,000
53,600	0,000	0,016	0,073	0,000
53,620	0,000	0,012	0,073	0,000
53,640	0,000	0,012	0,073	0,000
53,660	0,000	0,007	0,073	0,000
53,680	0,000	0,005	0,073	0,000
53,700	0,000	0,003	0,073	0,000
53,720	0,000	-0,004	0,073	0,000
53,740	0,000	-0,012	0,073	0,000
53,760	0,000	-0,015	0,071	0,000
53,780	0,000	-0,013	0,071	0,000
53,800	0,000	-0,016	0,071	0,000
53,820	0,000	-0,017	0,070	0,000
53,840	0,000	-0,021	0,070	0,000
53,860	0,000	-0,019	0,070	0,000
53,880	0,000	-0,022	0,070	0,000
53,900	0,000	-0,021	0,070	0,000
53,920	0,000	-0,023	0,070	0,000
53,940	0,000	-0,023	0,070	0,000
53,960	0,000	-0,025	0,070	0,000
53,980	0,000	-0,024	0,070	0,000
54,000	0,000	-0,020	0,070	0,000
54,020	0,000	-0,021	0,070	0,000
54,040	0,000	-0,019	0,070	0,000
54,060	0,000	-0,015	0,070	0,000
54,080	0,000	-0,017	0,070	0,000
54,100	0,000	-0,011	0,070	0,000
54,120	0,000	-0,008	0,070	0,000
54,140	0,000	-0,002	0,070	0,000
54,160	0,000	-0,001	0,070	0,000
54,180	0,000	0,005	0,070	0,000
54,200	0,000	0,009	0,070	0,000
54,220	0,000	0,008	0,070	0,000
54,240	0,000	0,011	0,070	0,000
54,260	0,000	0,012	0,070	0,000
54,280	0,000	0,015	0,070	0,000
54,300	0,000	0,017	0,070	0,000
54,320	0,000	0,024	0,067	0,000
54,340	0,000	0,020	0,067	0,000
54,360	0,000	0,025	0,066	0,000
54,380	0,000	0,024	0,066	0,000
54,400	0,000	0,028	0,066	0,000
54,420	0,000	0,029	0,066	0,000
54,440	0,000	0,026	0,066	0,000
54,460	0,000	0,026	0,066	0,000
54,480	0,000	0,031	0,066	0,000
54,500	0,000	0,028	0,066	0,000
54,520	0,000	0,028	0,066	0,000
54,540	0,000	0,023	0,066	0,000
54,560	0,000	0,021	0,066	0,000
54,580	0,000	0,021	0,066	0,000
54,600	0,000	0,020	0,066	0,000
54,620	0,000	0,017	0,066	0,000
54,640	0,000	0,017	0,066	0,000
54,660	0,000	0,012	0,066	0,000
54,680	0,000	0,011	0,066	0,000
54,700	0,000	0,010	0,066	0,000
54,720	0,000	0,003	0,066	0,000
54,740	0,000	-0,005	0,066	0,000
54,760	0,000	-0,004	0,066	0,000
54,780	0,000	-0,007	0,066	0,000
54,800	0,000	-0,010	0,066	0,000
54,820	0,000	-0,012	0,064	0,000
54,840	0,000	-0,018	0,064	0,000
54,860	0,000	-0,018	0,064	0,000
54,880	0,000	-0,018	0,064	0,000
54,900	0,000	-0,020	0,064	0,000
54,920	0,000	-0,022	0,064	0,000
54,940	0,000	-0,021	0,064	0,000
54,960	0,000	-0,026	0,064	0,000
54,980	0,000	-0,022	0,064	0,000
55,000	0,000	-0,026	0,064	0,000
55,020	0,000	-0,024	0,064	0,000
55,040	0,000	-0,018	0,064	0,000
55,060	0,000	-0,019	0,064	0,000
55,080	0,000	-0,018	0,064	0,000
55,100	0,000	-0,015	0,064	0,000
55,120	0,000	-0,014	0,064	0,000
55,140	0,000	-0,011	0,064	0,000
55,160	0,000	-0,008	0,064	0,000
55,180	0,000	-0,007	0,064	0,000
55,200	0,000	0,002	0,064	0,000
55,220	0,000	0,002	0,064	0,000
55,240	0,000	0,008	0,064	0,000
55,260	0,000	0,009	0,064	0,000
55,280	0,000	0,012	0,064	0,000
55,300	0,000	0,013	0,064	0,000
55,320	0,000	0,018	0,062	0,000
55,340	0,000	0,013	0,062	0,000
55,360	0,000	0,023	0,061	0,000
55,380	0,000	0,022	0,061	0,000
55,400	0,000	0,028	0,060	0,000
55,420	0,000	0,025	0,060	0,000
55,440	0,000	0,029	0,060	0,000
55,460	0,000	0,028	0,060	0,000
55,480	0,000	0,030	0,060	0,000
55,500	0,000	0,028	0,060	0,000
55,520	0,000	0,029	0,060	0,000
55,540	0,000	0,028	0,060	0,000
55,560	0,000	0,027	0,060	0,000
55,580	0,000	0,028	0,060	0,000
55,600	0,000	0,024	0,060	0,000
55,620	0,000	0,024	0,060	0,000
55,640	0,000	0,018	0,060	0,000
55,660	0,000	0,018	0,060	0,000
55,680	0,000	0,015	0,060	0,000
55,700	0,000	0,012	0,060	0,000
55,720	0,000	0,010	0,060	0,000
55,740	0,000	0,007	0,060	0,000
55,760	0,000	0,000	0,060	0,000
55,780	0,000	-0,001	0,060	0,000
55,800	0,000	-0,005	0,060	0,000
55,820	0,000	-0,010	0,060	0,000
55,840	0,000	-0,013	0,060	0,000
55,860	0,000	-0,010	0,060	0,000
55,880	0,000	-0,021	0,060	0,000
55,900	0,000	-0,017	0,060	0,000
55,920	0,000	-0,026	0,060	0,000
55,940	0,000	-0,017	0,060	0,000
55,960	0,000	-0,027	0,060	0,000
55,980	0,000	-0,017	0,060	0,000
56,000	0,000	-0,026	0,060	0,000
56,020	0,000	-0,021	0,060	0,000
56,040	0,000	-0,031	0,062	0,000
56,060	0,000	-0,019	0,062	0,000
56,080	0,000	-0,026	0,062	0,000
56,100	0,000	-0,017	0,062	0,000
56,120	0,000	-0,020	0,062	0,000
56,140	0,000	-0,017	0,062	0,000
56,160	0,000	-0,017	0,062	0,000
56,180	0,000	-0,010	0,062	0,000
56,200	0,000	-0,009	0,062	0,000
56,220	0,000	-0,004	0,062	0,000
56,240	0,000	-0,002	0,062	0,000
56,260	0,000	0,000	0,062	0,000
56,280	0,000	0,006	0,062	0,000
56,300	0,000	0,010	0,062	0,000
56,320	0,000	0,013	0,062	0,000
56,340	0,000	0,007	0,062	0,000
56,360	0,000	0,020	0,062	0,000
56,380	0,000	0,013	0,062	0,000
56,400	0,000	0,026	0,062	0,000
56,420	0,000	0,018	0,062	0,000
56,440	0,000	0,030	0,062	0,000
56,460	0,000	0,020	0,062	0,000
56,480	0,000	0,034	0,065	0,000
56,500	0,000	0,020	0,065	0,000
56,520	0,000	0,036	0,067	0,000
56,540	0,000	0,022	0,067	0,000
56,560	0,000	0,032	0,067	0,000
56,580	0,000	0,025	0,067	0,000
56,600	0,000	0,031	0,067	0,000
56,620	0,000	0,020	0,067	0,000
56,640	0,000	0,030	0,067	0,000
56,660	0,000	0,017	0,067	0,000
56,680	0,000	0,025	0,067	0,000
56,700	0,000	0,014	0,067	0,000
56,720	0,000	0,017	0,067	0,000
56,740	0,000	0,010	0,067	0,000
56,760	0,000	0,011	0,067	0,000
56,780	0,000	0,007	0,067	0,000
56,800	0,000	0,007	0,067	0,000
56,820	0,000	0,003	0,067	0,000
56,840	0,000	-0,002	0,067	0,000
56,860	0,000	-0,005	0,067	0,000
56,880	0,000	-0,013	0,067	0,000
56,900	0,000	-0,011	0,067	0,000
56,920	0,000	-0,017	0,067	0,000
56,940	0,000	-0,013	0,067	0,000
56,960	0,000	-0,022	0,067	0,000
56,980	0,000	-0,018	0,067	0,000
57,000	0,000	-0,023	0,067	0,000
57,020	0,000	-0,017	0,067	0,000
57,040	0,000	-0,030	0,067	0,000
57,060	0,000	-0,019	0,067	0,000
57,080	0,000	-0,026	0,067	0,000
57,100	0,000	-0,017	0,067	0,000
57,120	0,000	-0,025	0,067	0,000
57,140	0,000	-0,019	0,067	0,000
57,160	0,000	-0,021	0,067	0,000
57,180	0,000	-0,014	0,067	0,000
57,200	0,000	-0,018	0,067	0,000
57,220	0,000	-0,006	0,067	0,000
57,240	0,000	-0,013	0,067	0,000
57,260	0,000	-0,003	0,067	0,000
57,280	0,000	-0,005	0,067	0,000
57,300	0,000	0,001	0,067	0,000
57,320	0,000	0,005	0,067	0,000
57,340	0,000	0,006	0,067	0,000
57,360	0,000	0,012	0,067	0,000
57,380	0,000	0,011	0,067	0,000
57,400	0,000	0,019	0,067	0,000
57,420	0,000	0,016	0,067	0,000
57,440	0,000	0,021	0,067	0,000
57,460	0,000	0,019	0,067	0,000
57,480	0,000	0,025	0,067	0,000
57,500	0,000	0,020	0,067	0,000
57,520	0,000	0,028	0,067	0,000
57,540	0,000	0,024	0,067	0,000
57,560	0,000	0,032	0,067	0,000
57,580	0,000	0,021	0,067	0,000
57,600	0,000	0,031	0,067	0,000
57,620	0,000	0,024	0,067	0,000
57,640	0,000	0,028	0,067	0,000
57,660	0,000	0,018	0,067	0,000
57,680	0,000	0,025	0,067	0,000
57,700	0,000	0,016	0,067	0,000
57,720	0,000	0,022	0,067	0,000
57,740	0,000	0,012	0,067	0,000
57,760	0,000	0,016	0,067	0,000
57,780	0,000	0,011	0,067	0,000
57,800	0,000	0,011	0,067	0,000
57,820	0,000	0,005	0,067	0,000
57,840	0,000	0,008	0,067	0,000
57,860	0,000	-0,001	0,067	0,000
57,880	0,000	-0,001	0,067	0,000
57,900	0,000	-0,003	0,067	0,000
57,920	0,000	-0,006	0,067	0,000
57,940	0,000	-0,009	0,067	0,000
57,960	0,000	-0,013	0,067	0,000
57,980	0,000	-0,013	0,067	0,000
58,000	0,000	-0,018	0,067	0,000
58,020	0,000	-0,018	0,067	0,000
58,040	0,000	-0,022	0,067	0,000
58,060	0,000	-0,022	0,067	0,000
58,080	0,000	-0,023	0,067	0,000
58,100	0,000	-0,019	0,067	0,000
58,120	0,000	-0,025	0,067	0,000
58,140	0,000	-0,019	0,067	0,000
58,160	0,000	-0,022	0,067	0,000
58,180	0,000	-0,019	0,067	0,000
58,200	0,000	-0,020	0,067	0,000
58,220	0,000	-0,013	0,067	0,000
58,240	0,000	-0,018	0,067	0,000
58,260	0,000	-0,010	0,067	0,000
58,280	0,000	-0,009	0,067	0,000
58,300	0,000	-0,004	0,067	0,000
58,320	0,000	-0,008	0,067	0,000
58,340	0,000	0,001	0,067	0,000
58,360	0,000	0,002	0,067	0,000
58,380	0,000	0,007	0,067	0,000
58,400	0,000	0,011	0,067	0,000
58,420	0,000	0,012	0,067	0,000
58,440	0,000	0,016	0,067	0,000
58,460	0,000	0,014	0,067	0,000
58,480	0,000	0,022	0,067	0,000
58,500	0,000	0,020	0,067	0,000
58,520	0,000	0,023	0,067	0,000
58,540	0,000	0,020	0,067	0,000
58,560	0,000	0,023	0,067	0,000
58,580	0,000	0,023	0,067	0,000
58,600	0,000	0,027	0,067	0,000
58,620	0,000	0,027	0,067	0,000
58,640	0,000	0,027	0,067	0,000
58,660	0,000	0,020	0,067	0,000
58,680	0,000	0,027	0,067	0,000
58,700	0,000	0,020	0,067	0,000
58,720	0,000	0,024	0,067	0,000
58,740	0,000	0,019	0,067	0,000
58,760	0,000	0,020	0,067	0,000
58,780	0,000	0,014	0,067	0,000
58,800	0,000	0,018	0,067	0,000
58,820	0,000	0,009	0,067	0,000
58,840	0,000	0,010	0,067	0,000
58,860	0,000	0,008	0,067	0,000
58,880	0,000	0,005	0,067	0,000
58,900	0,000	0,000	0,067	0,000
58,920	0,000	-0,002	0,067	0,000
58,940	0,000	-0,005	0,067	0,000
58,960	0,000	-0,003	0,067	0,000
58,980	0,000	-0,009	0,067	0,000
59,000	0,000	-0,011	0,067	0,000
59,020	0,000	-0,014	0,067	0,000
59,040	0,000	-0,014	0,067	0,000
59,060	0,000	-0,019	0,067	0,000
59,080	0,000	-0,018	0,067	0,000
59,100	0,000	-0,019	0,067	0,000
59,120	0,000	-0,018	0,067	0,000
59,140	0,000	-0,021	0,067	0,000
59,160	0,000	-0,021	0,067	0,000
59,180	0,000	-0,019	0,067	0,000
59,200	0,000	-0,019	0,067	0,000
59,220	0,000	-0,020	0,067	0,000
59,240	0,000	-0,017	0,067	0,000
59,260	0,000	-0,014	0,067	0,000
59,280	0,000	-0,013	0,067	0,000
59,300	0,000	-0,009	0,067	0,000
59,320	0,000	-0,009	0,067	0,000
59,340	0,000	-0,004	0,067	0,000
59,360	0,000	-0,004	0,067	0,000
59,380	0,000	0,003	0,067	0,000
59,400	0,000	0,002	0,067	0,000
59,420	0,000	0,004	0,067	0,000
59,440	0,000	0,009	0,067	0,000
59,460	0,000	0,008	0,067	0,000
59,480	0,000	0,011	0,067	0,000
59,500	0,000	0,014	0,067	0,000
59,520	0,000	0,018	0,067	0,000
59,540	0,000	0,019	0,067	0,000
59,560	0,000	0,024	0,067	0,000
59,580	0,000	0,020	0,067	0,000
59,600	0,000	0,027	0,067	0,000
59,620	0,000	0,025	0,067	0,000
59,640	0,000	0,024	0,067	0,000
59,660	0,000	0,024	0,067	0,000
59,680	0,000	0,024	0,067	0,000
59,700	0,000	0,026	0,067	0,000
59,720	0,000	0,024	0,067	0,000
59,740	0,000	0,020	0,067	0,000
59,760	0,000	0,023	0,067	0,000
59,780	0,000	0,018	0,067	0,000
59,800	0,000	0,018	0,067	0,000
59,820	0,000	0,012	0,067	0,000
59,840	0,000	0,012	0,067	0,000
59,860	0,000	0,009	0,067	0,000
59,880	0,000	0,011	0,067	0,000
59,900	0,000	0,007	0,067	0,000
59,920	0,000	0,006	0,067	0,000
59,940	0,000	0,003	0,067	0,000
59,960	0,000	0,002	0,067	0,000
59,980	0,000	-0,001	0,067	0,000
60,000	0,000	-0,006	0,067	0,000
60,020	0,000	-0,008	0,067	0,000
60,040	0,000	-0,010	0,067	0,000
60,060	0,000	-0,012	0,067	0,000
60,080	0,000	-0,008	0,067	0,000
60,100	0,000	-0,014	0,067	0,000
60,120	0,000	-0,014	0,067	0,000
60,140	0,000	-0,016	0,067	0,000
60,160	0,000	-0,017	0,067	0,000
60,180	0,000	-0,017	0,067	0,000
60,200	0,000	-0,017	0,067	0,000
60,220	0,000	-0,018	0,067	0,000
60,240	0,000	-0,015	0,067	0,000
60,260	0,000	-0,017	0,067	0,000
60,280	0,000	-0,013	0,067	0,000
60,300	0,000	-0,014	0,067	0,000
60,320	0,000	-0,009	0,067	0,000
60,340	0,000	-0,011	0,067	0,000
60,360	0,000	-0,002	0,067	0,000
60,380	0,000	-0,005	0,067	0,000
60,400	0,000	0,002	0,067	0,000
60,420	0,000	0,001	0,067	0,000
60,440	0,000	0,004	0,067	0,000
60,460	0,000	0,004	0,067	0,000
60,480	0,000	0,012	0,067	0,000
60,500	0,000	0,009	0,067	0,000
60,520	0,000	0,012	0,067	0,000
60,540	0,000	0,014	0,067	0,000
60,560	0,000	0,015	0,067	0,000
60,580	0,000	0,012	0,067	0,000
60,600	0,000	0,020	0,067	0,000
60,620	0,000	0,019	0,067	0,000
60,640	0,000	0,024	0,067	0,000
60,660	0,000	0,021	0,067	0,000
60,680	0,000	0,022	0,067	0,000
60,700	0,000	0,021	0,067	0,000
60,720	0,000	0,023	0,067	0,000
60,740	0,000	0,024	0,067	0,000
60,760	0,000	0,021	0,067	0,000
60,780	0,000	0,020	0,067	0,000
60,800	0,000	0,019	0,067	0,000
60,820	0,000	0,016	0,067	0,000
60,840	0,000	0,012	0,067	0,000
60,860	0,000	0,014	0,067	0,000
60,880	0,000	0,014	0,067	0,000
60,900	0,000	0,010	0,067	0,000
60,920	0,000	0,010	0,067	0,000
60,940	0,000	0,010	0,067	0,000
60,960	0,000	0,006	0,067	0,000
60,980	0,000	0,006	0,067	0,000
61,000	0,000	0,003	0,067	0,000
61,020	0,000	-0,004	0,067	0,000
61,040	0,000	-0,005	0,065	0,000
61,060	0,000	-0,007	0,065	0,000
61,080	0,000	-0,009	0,065	0,000
61,100	0,000	-0,009	0,065	0,000
61,120	0,000	-0,013	0,065	0,000
61,140	0,000	-0,017	0,065	0,000
61,160	0,000	-0,014	0,065	0,000
61,180	0,000	-0,014	0,065	0,000
61,200	0,000	-0,013	0,065	0,000
61,220	0,000	-0,018	0,065	0,000
61,240	0,000	-0,015	0,065	0,000
61,260	0,000	-0,017	0,065	0,000
61,280	0,000	-0,016	0,065	0,000
61,300	0,000	-0,014	0,065	0,000
61,320	0,000	-0,007	0,065	0,000
61,340	0,000	-0,013	0,065	0,000
61,360	0,000	-0,006	0,065	0,000
61,380	0,000	-0,008	0,065	0,000
61,400	0,000	-0,001	0,065	0,000
61,420	0,000	-0,002	0,065	0,000
