--- Pendolo di torsione ---
Tempo,Forzante,Pendolo
0,000	30,782	0,136
0,020	30,771	0,153
0,040	30,352	0,173
0,060	29,460	0,187
0,080	28,161	0,207
0,100	26,463	0,213
0,120	24,363	0,222
0,140	21,909	0,225
0,160	19,148	0,227
0,180	16,103	0,223
0,200	12,783	0,223
0,220	9,335	0,210
0,240	5,758	0,200
0,260	2,068	0,183
0,280	-1,644	0,165
0,300	-5,344	0,149
0,320	-8,975	0,121
0,340	-12,445	0,098
0,360	-15,748	0,072
0,380	-18,815	0,049
0,400	-21,629	0,025
0,420	-24,116	-0,004
0,440	-26,259	-0,030
0,460	-28,037	-0,054
0,480	-29,337	-0,085
0,500	-30,277	-0,101
0,520	-30,685	-0,131
0,540	-30,798	-0,154
0,560	-30,347	-0,171
0,580	-29,536	-0,188
0,600	-28,225	-0,200
0,620	-26,544	-0,212
0,640	-24,460	-0,217
0,660	-22,027	-0,223
0,680	-19,255	-0,228
0,700	-16,237	-0,225
0,720	-12,966	-0,220
0,740	-9,496	-0,209
0,760	-5,892	-0,203
0,780	-2,175	-0,187
0,800	1,525	-0,169
0,820	5,231	-0,146
0,840	8,825	-0,129
0,860	12,337	-0,100
0,880	15,662	-0,080
0,900	18,740	-0,054
0,920	21,565	-0,027
0,940	24,057	0,004
0,960	26,200	0,032
0,980	27,957	0,058
1,000	29,321	0,090
1,020	30,255	0,107
1,040	30,750	0,128
1,060	30,798	0,154
1,080	30,427	0,169
1,100	29,584	0,184
1,120	28,322	0,198
1,140	26,667	0,215
1,160	24,632	0,218
1,180	22,204	0,225
1,200	19,449	0,223
1,220	16,446	0,225
1,240	13,165	0,221
1,260	9,722	0,217
1,280	6,145	0,202
1,300	2,465	0,187
1,320	-1,241	0,171
1,340	-4,941	0,147
1,360	-8,578	0,126
1,380	-12,090	0,105
1,400	-15,410	0,075
1,420	-18,514	0,048
1,440	-21,334	0,022
1,460	-23,869	0,000
1,480	-26,034	-0,026
1,500	-27,871	-0,054
1,520	-29,219	-0,080
1,540	-30,212	-0,103
1,560	-30,674	-0,130
1,580	-30,819	-0,145
1,600	-30,433	-0,170
1,620	-29,665	-0,183
1,640	-28,418	-0,200
1,660	-26,775	-0,212
1,680	-24,712	-0,217
1,700	-22,333	-0,222
1,720	-19,599	-0,226
1,740	-16,602	-0,225
1,760	-13,342	-0,218
1,780	-9,894	-0,212
1,800	-6,284	-0,200
1,820	-2,616	-0,188
1,840	1,123	-0,167
1,860	4,807	-0,156
1,880	8,438	-0,129
1,900	11,967	-0,109
1,920	15,292	-0,080
1,940	18,401	-0,056
1,960	21,270	-0,029
1,980	23,794	-0,003
2,000	25,980	0,025
2,020	27,779	0,052
2,040	29,197	0,077
2,060	30,175	0,103
2,080	30,723	0,125
2,100	30,819	0,144
2,120	30,486	0,168
2,140	29,686	0,183
2,160	28,494	0,194
2,180	26,877	0,207
2,200	24,874	0,215
2,220	22,483	0,222
2,240	19,776	0,223
2,260	16,812	0,219
2,280	13,551	0,217
2,300	10,125	0,208
2,320	6,542	0,200
2,340	2,879	0,185
2,360	-0,838	0,168
2,380	-4,522	0,144
2,400	-8,196	0,125
2,420	-11,709	0,108
2,440	-15,055	0,075
2,460	-18,192	0,052
2,480	-21,082	0,024
2,500	-23,611	0,003
2,520	-25,851	-0,026
2,540	-27,683	-0,051
2,560	-29,144	-0,080
2,580	-30,116	-0,100
2,600	-30,685	-0,128
2,620	-30,814	-0,148
2,640	-30,524	-0,171
2,660	-29,810	-0,181
2,680	-28,617	-0,203
2,700	-26,968	-0,212
2,720	-25,002	-0,217
2,740	-22,628	-0,224
2,760	-19,964	-0,225
2,780	-16,935	-0,225
2,800	-13,750	-0,221
2,820	-10,291	-0,212
2,840	-6,714	-0,202
2,860	-3,024	-0,186
2,880	0,682	-0,171
2,900	4,399	-0,150
2,920	8,014	-0,127
2,940	11,569	-0,109
2,960	14,916	-0,081
2,980	18,068	-0,058
3,000	20,942	-0,030
3,020	23,531	-0,001
3,040	25,749	0,024
3,060	27,597	0,053
3,080	29,052	0,080
3,100	30,083	0,100
3,120	30,680	0,125
3,140	30,819	0,144
3,160	30,551	0,166
3,180	29,815	0,179
3,200	28,655	0,199
3,220	27,081	0,210
3,240	25,142	0,214
3,260	22,784	0,222
3,280	20,120	0,219
3,300	17,161	0,223
3,320	13,938	0,216
3,340	10,538	0,211
3,360	6,982	0,200
3,380	3,325	0,186
3,400	-0,397	0,169
3,420	-4,093	0,148
3,440	-7,761	0,125
3,460	-11,290	0,108
3,480	-14,652	0,075
3,500	-17,827	0,055
3,520	-20,732	0,027
3,540	-23,343	0,003
3,560	-25,599	-0,024
3,580	-27,484	-0,055
3,600	-29,004	-0,077
3,620	-30,046	-0,100
3,640	-30,674	-0,129
3,660	-30,846	-0,147
3,680	-30,599	-0,171
3,700	-29,906	-0,184
3,720	-28,800	-0,201
3,740	-27,210	-0,213
3,760	-25,276	-0,213
3,780	-22,940	-0,225
3,800	-20,297	-0,222
3,820	-17,316	-0,223
3,840	-14,142	-0,214
3,860	-10,710	-0,215
3,880	-7,144	-0,200
3,900	-3,454	-0,189
3,920	0,247	-0,169
3,940	3,953	-0,157
3,960	7,605	-0,131
3,980	11,150	-0,113
4,000	14,556	-0,084
4,020	17,730	-0,061
4,040	20,636	-0,030
4,060	23,251	-0,004
4,080	25,513	0,026
4,100	27,409	0,050
4,120	28,902	0,076
4,140	29,987	0,100
4,160	30,637	0,130
4,180	30,830	0,148
4,200	30,604	0,167
4,220	29,901	0,186
4,240	28,805	0,196
4,260	27,291	0,215
4,280	25,373	0,215
4,300	23,058	0,227
4,320	20,437	0,225
4,340	17,515	0,228
4,360	14,325	0,219
4,380	10,919	0,215
4,400	7,391	0,202
4,420	3,749	0,188
4,440	0,038	0,169
4,460	-3,663	0,150
4,480	-7,326	0,133
4,500	-10,903	0,107
4,520	-14,255	0,079
4,540	-17,461	0,053
4,560	-20,373	0,026
4,580	-23,031	0,001
4,600	-25,309	-0,024
4,620	-27,253	-0,053
4,640	-28,800	-0,077
4,660	-29,896	-0,103
4,680	-30,572	-0,125
4,700	-30,792	-0,150
4,720	-30,621	-0,170
4,740	-29,971	-0,187
4,760	-28,913	-0,200
4,780	-27,366	-0,218
4,800	-25,470	-0,219
4,820	-23,214	-0,228
4,840	-20,598	-0,226
4,860	-17,655	-0,233
4,880	-14,480	-0,221
4,900	-11,107	-0,217
4,920	-7,562	-0,203
4,940	-3,899	-0,194
4,960	-0,183	-0,175
4,980	3,523	-0,161
5,000	7,197	-0,131
5,020	10,742	-0,117
5,040	14,164	-0,092
5,060	17,365	-0,063
5,080	20,308	-0,034
5,100	22,988	-0,008
5,120	25,266	0,022
5,140	27,215	0,053
5,160	28,751	0,074
5,180	29,890	0,100
5,200	30,594	0,122
5,220	30,830	0,148
5,240	30,653	0,165
5,260	30,019	0,181
5,280	28,956	0,197
5,300	27,473	0,210
5,320	25,615	0,220
5,340	23,343	0,226
5,360	20,754	0,226
5,380	17,848	0,227
5,400	14,695	0,223
5,420	11,317	0,220
5,440	7,788	0,205
5,460	4,157	0,191
5,480	0,451	0,177
5,500	-3,239	0,159
5,520	-6,918	0,137
5,540	-10,484	0,113
5,560	-13,911	0,086
5,580	-17,102	0,061
5,600	-20,072	0,032
5,620	-22,714	0,010
5,640	-25,083	-0,022
5,660	-27,049	-0,047
5,680	-28,644	-0,076
5,700	-29,772	-0,101
5,720	-30,545	-0,125
5,740	-30,787	-0,149
5,760	-30,631	-0,167
5,780	-30,073	-0,183
5,800	-29,025	-0,200
5,820	-27,538	-0,216
5,840	-25,685	-0,223
5,860	-23,493	-0,229
5,880	-20,877	-0,232
5,900	-17,966	-0,232
5,920	-14,856	-0,228
5,940	-11,473	-0,222
5,960	-7,949	-0,208
5,980	-4,286	-0,197
6,000	-0,580	-0,179
6,020	3,137	-0,163
6,040	6,805	-0,142
6,060	10,361	-0,121
6,080	13,793	-0,091
6,100	17,021	-0,071
6,120	19,986	-0,039
6,140	22,698	-0,017
6,160	25,019	0,020
6,180	27,017	0,044
6,200	28,590	0,071
6,220	29,772	0,097
6,240	30,529	0,119
6,260	30,825	0,144
6,280	30,690	0,163
6,300	30,100	0,179
6,320	29,090	0,200
6,340	27,661	0,210
6,360	25,830	0,221
6,380	23,622	0,224
6,400	21,033	0,231
6,420	18,181	0,229
6,440	15,055	0,225
6,460	11,698	0,219
6,480	8,191	0,208
6,500	4,565	0,196
6,520	0,854	0,176
6,540	-2,847	0,158
6,560	-6,521	0,136
6,580	-10,098	0,115
6,600	-13,546	0,087
6,620	-16,779	0,064
6,640	-19,760	0,040
6,660	-22,505	0,013
6,680	-24,814	-0,013
6,700	-26,877	-0,041
6,720	-28,488	-0,073
6,740	-29,702	-0,096
6,760	-30,459	-0,121
6,780	-30,776	-0,146
6,800	-30,690	-0,165
6,820	-30,180	-0,183
6,840	-29,192	-0,202
6,860	-27,752	-0,209
6,880	-25,905	-0,221
6,900	-23,740	-0,227
6,920	-21,184	-0,230
6,940	-18,337	-0,237
6,960	-15,211	-0,227
6,980	-11,870	-0,224
7,000	-8,363	-0,209
7,020	-4,694	-0,203
7,040	-1,021	-0,182
7,060	2,712	-0,167
7,080	6,381	-0,146
7,100	9,969	-0,123
7,120	13,428	-0,100
7,140	16,661	-0,068
7,160	19,664	-0,046
7,180	22,408	-0,013
7,200	24,777	0,012
7,220	26,807	0,039
7,240	28,440	0,065
7,260	29,665	0,091
7,280	30,465	0,115
7,300	30,809	0,136
7,320	30,733	0,161
7,340	30,202	0,175
7,360	29,229	0,191
7,380	27,844	0,206
7,400	26,050	0,214
7,420	23,885	0,220
7,440	21,350	0,224
7,460	18,514	0,224
7,480	15,426	0,224
7,500	12,069	0,218
7,520	8,599	0,210
7,540	4,968	0,198
7,560	1,294	0,179
7,580	-2,455	0,162
7,600	-6,118	0,140
7,620	-9,743	0,119
7,640	-13,165	0,095
7,660	-16,425	0,066
7,680	-19,481	0,040
7,700	-22,236	0,017
7,720	-24,626	-0,010
7,740	-26,694	-0,038
7,760	-28,365	-0,066
7,780	-29,643	-0,092
7,800	-30,427	-0,115
7,820	-30,814	-0,142
7,840	-30,755	-0,161
7,860	-30,266	-0,179
7,880	-29,321	-0,192
7,900	-27,962	-0,209
7,920	-26,163	-0,215
7,940	-24,030	-0,224
7,960	-21,506	-0,227
7,980	-18,691	-0,229
8,000	-15,571	-0,226
8,020	-12,294	-0,220
8,040	-8,760	-0,208
8,060	-5,119	-0,201
8,080	-1,423	-0,183
8,100	2,293	-0,167
8,120	5,983	-0,148
8,140	9,555	-0,122
8,160	13,041	-0,096
8,180	16,296	-0,074
8,200	19,325	-0,050
8,220	22,102	-0,018
8,240	24,524	0,007
8,260	26,592	0,038
8,280	28,268	0,061
8,300	29,541	0,084
8,320	30,395	0,114
8,340	30,787	0,136
8,360	30,755	0,152
8,380	30,277	0,171
8,400	29,358	0,186
8,420	28,021	0,203
8,440	26,270	0,212
8,460	24,159	0,219
8,480	21,646	0,223
8,500	18,863	0,222
8,520	15,802	0,223
8,540	12,488	0,213
8,560	9,018	0,206
8,580	5,403	0,193
8,600	1,729	0,177
8,620	-2,003	0,161
8,640	-5,677	0,139
8,660	-9,330	0,115
8,680	-12,767	0,096
8,700	-16,049	0,068
8,720	-19,126	0,040
8,740	-21,919	0,011
8,760	-24,353	-0,010
8,780	-26,496	-0,036
8,800	-28,198	-0,066
8,820	-29,498	-0,085
8,840	-30,400	-0,115
8,860	-30,787	-0,137
8,880	-30,803	-0,161
8,900	-30,379	-0,179
8,920	-29,477	-0,192
8,940	-28,150	-0,208
8,960	-26,420	-0,214
8,980	-24,315	-0,221
9,000	-21,844	-0,228
9,020	-19,041	-0,221
9,040	-15,941	-0,225
9,060	-12,687	-0,219
9,080	-9,190	-0,212
9,100	-5,570	-0,197
9,120	-1,869	-0,183
9,140	1,853	-0,167
9,160	5,543	-0,147
9,180	9,147	-0,123
9,200	12,638	-0,102
9,220	15,947	-0,070
9,240	18,998	-0,049
9,260	21,828	-0,017
9,280	24,267	0,005
9,300	26,377	0,036
9,320	28,107	0,061
9,340	29,434	0,087
9,360	30,314	0,112
9,380	30,771	0,134
9,400	30,771	0,152
9,420	30,368	0,173
9,440	29,487	0,184
9,460	28,198	0,198
9,480	26,490	0,211
9,500	24,422	0,216
9,520	21,957	0,223
9,540	19,202	0,221
9,560	16,162	0,220
9,580	12,875	0,213
9,600	9,410	0,206
9,620	5,817	0,193
9,640	2,138	0,175
9,660	-1,563	0,160
9,680	-5,264	0,138
9,700	-8,889	0,120
9,720	-12,391	0,095
9,740	-15,657	0,062
9,760	-18,756	0,040
9,780	-21,581	0,011
9,800	-24,046	-0,009
9,820	-26,232	-0,038
9,840	-27,967	-0,062
9,860	-29,337	-0,089
9,880	-30,245	-0,117
9,900	-30,728	-0,136
9,920	-30,814	-0,162
9,940	-30,390	-0,179
9,960	-29,573	-0,196
9,980	-28,295	-0,206
10,000	-26,635	-0,216
10,020	-24,541	-0,222
10,040	-22,150	-0,229
10,060	-19,368	-0,227
10,080	-16,323	-0,225
10,100	-13,089	-0,215
10,120	-9,598	-0,212
10,140	-5,989	-0,200
10,160	-2,299	-0,186
10,180	1,429	-0,165
10,200	5,135	-0,146
10,220	8,744	-0,125
10,240	12,251	-0,099
10,260	15,571	-0,074
10,280	18,665	-0,050
10,300	21,506	-0,018
10,320	24,003	0,004
10,340	26,146	0,040
10,360	27,919	0,062
10,380	29,294	0,088
10,400	30,245	0,111
10,420	30,739	0,134
10,440	30,798	0,155
10,460	30,427	0,173
10,480	29,600	0,187
10,500	28,370	0,203
10,520	26,694	0,217
10,540	24,680	0,220
10,560	22,242	0,227
10,580	19,519	0,219
10,600	16,527	0,223
10,620	13,240	0,215
10,640	9,808	0,208
10,660	6,236	0,195
10,680	2,551	0,185
10,700	-1,160	0,163
10,720	-4,839	0,147
10,740	-8,492	0,121
10,760	-11,983	0,094
10,780	-15,313	0,065
10,800	-18,423	0,040
10,820	-21,302	0,014
10,840	-23,794	-0,005
10,860	-25,980	-0,038
10,880	-27,801	-0,061
10,900	-29,219	-0,089
10,920	-30,175	-0,113
10,940	-30,680	-0,137
10,960	-30,750	-0,163
10,980	-30,438	-0,182
11,000	-29,670	-0,192
11,020	-28,451	-0,209
11,040	-26,802	-0,221
11,060	-24,761	-0,226
11,080	-22,403	-0,232
11,100	-19,669	-0,230
11,120	-16,656	-0,229
11,140	-13,444	-0,224
11,160	-9,963	-0,219
11,180	-6,402	-0,201
11,200	-2,702	-0,192
11,220	1,015	-0,172
11,240	4,716	-0,154
11,260	8,352	-0,128
11,280	11,875	-0,104
11,300	15,206	-0,078
11,320	18,326	-0,055
11,340	21,200	-0,022
11,360	23,751	0,003
11,380	25,932	0,033
11,400	27,731	0,057
11,420	29,160	0,088
11,440	30,143	0,108
11,460	30,712	0,132
11,480	30,819	0,151
11,500	30,497	0,171
11,520	29,713	0,190
11,540	28,521	0,206
11,560	26,893	0,219
11,580	24,927	0,223
11,600	22,548	0,230
11,620	19,835	0,229
11,640	16,865	0,230
11,660	13,621	0,223
11,680	10,194	0,215
11,700	6,639	0,197
11,720	2,970	0,190
11,740	-0,752	0,165
11,760	-4,437	0,147
11,780	-8,100	0,123
11,800	-11,607	0,103
11,820	-14,980	0,074
11,840	-18,095	0,045
11,860	-20,985	0,015
11,880	-23,531	-0,002
11,900	-25,738	-0,034
11,920	-27,650	-0,058
11,940	-29,058	-0,088
11,960	-30,100	-0,111
11,980	-30,642	-0,136
12,000	-30,798	-0,160
12,020	-30,497	-0,178
12,040	-29,783	-0,196
12,060	-28,612	-0,209
12,080	-27,011	-0,221
12,100	-25,002	-0,229
12,120	-22,671	-0,236
12,140	-19,975	-0,235
12,160	-17,032	-0,235
12,180	-13,798	-0,228
12,200	-10,372	-0,221
12,220	-6,778	-0,207
12,240	-3,110	-0,192
12,260	0,618	-0,174
12,280	4,318	-0,158
12,300	7,949	-0,130
12,320	11,483	-0,111
12,340	14,862	-0,084
12,360	17,993	-0,063
12,380	20,888	-0,030
12,400	23,477	-0,003
12,420	25,695	0,028
12,440	27,564	0,050
12,460	29,020	0,084
12,480	30,057	0,102
12,500	30,669	0,126
12,520	30,825	0,147
12,540	30,562	0,170
12,560	29,826	0,189
12,580	28,687	0,198
12,600	27,097	0,213
12,620	25,174	0,217
12,640	22,827	0,224
12,660	20,163	0,228
12,680	17,209	0,227
12,700	13,997	0,220
12,720	10,586	0,216
12,740	7,025	0,202
12,760	3,378	0,190
12,780	-0,328	0,169
12,800	-4,044	0,148
12,820	-7,718	0,130
12,840	-11,226	0,107
12,860	-14,620	0,078
12,880	-17,757	0,049
12,900	-20,689	0,025
12,920	-23,305	0,000
12,940	-25,534	-0,025
12,960	-27,462	-0,054
12,980	-28,945	-0,081
13,000	-30,035	-0,105
13,020	-30,631	-0,134
13,040	-30,835	-0,153
13,060	-30,610	-0,177
13,080	-29,890	-0,196
13,100	-28,773	-0,204
13,120	-27,237	-0,217
13,140	-25,276	-0,226
13,160	-22,994	-0,233
13,180	-20,297	-0,231
13,200	-17,365	-0,233
13,220	-14,174	-0,227
13,240	-10,785	-0,221
13,260	-7,208	-0,208
13,280	-3,534	-0,198
13,300	0,188	-0,176
13,320	3,889	-0,162
13,340	7,546	-0,139
13,360	11,086	-0,116
13,380	14,480	-0,088
13,400	17,660	-0,066
13,420	20,571	-0,032
13,440	23,203	-0,005
13,460	25,464	0,023
13,480	27,371	0,045
13,500	28,875	0,075
13,520	29,965	0,096
13,540	30,626	0,122
13,560	30,830	0,137
13,580	30,615	0,165
13,600	29,933	0,177
13,620	28,827	0,198
13,640	27,291	0,209
13,660	25,411	0,216
13,680	23,117	0,219
13,700	20,485	0,228
13,720	17,569	0,219
13,740	14,400	0,224
13,760	10,989	0,210
13,780	7,455	0,204
13,800	3,813	0,190
13,820	0,107	0,173
13,840	-3,609	0,152
13,860	-7,294	0,130
13,880	-10,855	0,106
13,900	-14,228	0,084
13,920	-17,445	0,055
13,940	-20,362	0,030
13,960	-23,021	0,001
13,980	-25,309	-0,024
14,000	-27,264	-0,048
14,020	-28,811	-0,079
14,040	-29,938	-0,096
14,060	-30,610	-0,130
14,080	-30,868	-0,148
14,100	-30,674	-0,171
14,120	-30,035	-0,187
14,140	-28,966	-0,199
14,160	-27,473	-0,214
14,180	-25,518	-0,217
14,200	-23,284	-0,223
14,220	-20,689	-0,226
14,240	-17,719	-0,227
14,260	-14,561	-0,224
14,280	-11,199	-0,213
14,300	-7,659	-0,206
14,320	-3,953	-0,198
14,340	-0,247	-0,179
14,360	3,475	-0,164
14,380	7,122	-0,134
14,400	10,699	-0,118
14,420	14,094	-0,090
14,440	17,295	-0,067
14,460	20,249	-0,037
14,480	22,929	-0,005
14,500	25,212	0,018
14,520	27,162	0,044
14,540	28,725	0,074
14,560	29,874	0,096
14,580	30,572	0,119
14,600	30,830	0,138
14,620	30,653	0,157
14,640	30,030	0,177
14,660	28,982	0,192
14,680	27,484	0,206
14,700	25,647	0,210
14,720	23,396	0,222
14,740	20,786	0,216
14,760	17,907	0,219
14,780	14,771	0,215
14,800	11,392	0,210
14,820	7,869	0,198
14,840	4,222	0,190
14,860	0,553	0,166
14,880	-3,174	0,152
14,900	-6,827	0,127
14,920	-10,420	0,111
14,940	-13,836	0,082
14,960	-17,042	0,057
14,980	-19,997	0,024
15,000	-22,687	0,006
15,020	-25,056	-0,022
15,040	-27,027	-0,044
15,060	-28,649	-0,079
15,080	-29,783	-0,101
15,100	-30,519	-0,124
15,120	-30,809	-0,149
15,140	-30,696	-0,169
15,160	-30,105	-0,186
15,180	-29,101	-0,199
15,200	-27,618	-0,217
15,220	-25,776	-0,219
15,240	-23,579	-0,227
15,260	-20,963	-0,227
15,280	-18,084	-0,226
15,300	-14,942	-0,221
15,320	-11,591	-0,215
15,340	-8,041	-0,208
15,360	-4,410	-0,194
15,380	-0,682	-0,179
15,400	3,029	-0,160
15,420	6,708	-0,137
15,440	10,275	-0,120
15,460	13,718	-0,092
15,480	16,946	-0,065
15,500	19,927	-0,036
15,520	22,645	-0,007
15,540	24,981	0,016
15,560	26,958	0,045
15,580	28,563	0,072
15,600	29,756	0,096
15,620	30,519	0,120
15,640	30,819	0,144
15,660	30,701	0,158
15,680	30,143	0,177
15,700	29,117	0,190
15,720	27,672	0,207
15,740	25,873	0,214
15,760	23,670	0,218
15,780	21,108	0,221
15,800	18,256	0,222
15,820	15,130	0,214
15,840	11,757	0,206
15,860	8,282	0,197
15,880	4,662	0,186
15,900	0,961	0,170
15,920	-2,771	0,152
15,940	-6,424	0,131
15,960	-10,033	0,106
15,980	-13,433	0,081
16,000	-16,704	0,058
16,020	-19,701	0,028
16,040	-22,408	0,002
16,060	-24,761	-0,022
16,080	-26,818	-0,053
16,100	-28,445	-0,078
16,120	-29,654	-0,105
16,140	-30,454	-0,128
16,160	-30,787	-0,150
16,180	-30,674	-0,173
16,200	-30,169	-0,188
16,220	-29,192	-0,204
16,240	-27,785	-0,217
16,260	-25,948	-0,221
16,280	-23,783	-0,230
16,300	-21,248	-0,229
16,320	-18,380	-0,230
16,340	-15,275	-0,224
16,360	-11,967	-0,219
16,380	-8,427	-0,208
16,400	-4,802	-0,191
16,420	-1,117	-0,178
16,440	2,637	-0,163
16,460	6,300	-0,138
16,480	9,888	-0,117
16,500	13,353	-0,089
16,520	16,591	-0,063
16,540	19,588	-0,040
16,560	22,344	-0,007
16,580	24,723	0,016
16,600	26,764	0,049
16,620	28,402	0,072
16,640	29,659	0,100
16,660	30,454	0,120
16,680	30,803	0,137
16,700	30,739	0,162
16,720	30,212	0,177
16,740	29,246	0,198
16,760	27,860	0,205
16,780	26,098	0,219
16,800	23,934	0,222
16,820	21,415	0,223
16,840	18,579	0,227
16,860	15,496	0,220
16,880	12,155	0,210
16,900	8,664	0,208
16,920	5,060	0,186
16,940	1,354	0,179
16,960	-2,347	0,154
16,980	-6,026	0,133
17,000	-9,652	0,109
17,020	-13,100	0,089
17,040	-16,355	0,061
17,060	-19,390	0,032
17,080	-22,113	0,004
17,100	-24,551	-0,019
17,120	-26,608	-0,045
17,140	-28,316	-0,075
17,160	-29,568	-0,104
17,180	-30,384	-0,124
17,200	-30,787	-0,146
17,220	-30,739	-0,168
17,240	-30,266	-0,183
17,260	-29,332	-0,202
17,280	-27,946	-0,215
17,300	-26,211	-0,220
17,320	-24,036	-0,234
17,340	-21,560	-0,235
17,360	-18,718	-0,238
17,380	-15,635	-0,227
17,400	-12,364	-0,222
17,420	-8,819	-0,211
17,440	-5,205	-0,200
17,460	-1,493	-0,179
17,480	2,202	-0,166
17,500	5,914	-0,146
17,520	9,480	-0,121
17,540	12,971	-0,092
17,560	16,242	-0,071
17,580	19,271	-0,039
17,600	22,070	-0,014
17,620	24,487	0,012
17,640	26,555	0,044
17,660	28,236	0,072
17,680	29,530	0,094
17,700	30,379	0,117
17,720	30,787	0,140
17,740	30,760	0,160
17,760	30,304	0,178
17,780	29,380	0,197
17,800	28,042	0,209
17,820	26,318	0,222
17,840	24,208	0,223
17,860	21,710	0,228
17,880	18,912	0,228
17,900	15,861	0,225
17,920	12,525	0,219
17,940	9,077	0,209
17,960	5,457	0,195
17,980	1,799	0,180
18,000	-1,939	0,163
18,020	-5,613	0,138
18,040	-9,271	0,117
18,060	-12,713	0,091
18,080	-15,995	0,063
18,100	-19,057	0,036
18,120	-21,876	0,012
18,140	-24,326	-0,018
18,160	-26,437	-0,041
18,180	-28,161	-0,068
18,200	-29,477	-0,094
18,220	-30,357	-0,119
18,240	-30,776	-0,146
18,260	-30,782	-0,164
18,280	-30,352	-0,184
18,300	-29,460	-0,196
18,320	-28,177	-0,211
18,340	-26,453	-0,223
18,360	-24,353	-0,233
18,380	-21,871	-0,231
18,400	-19,078	-0,237
18,420	-16,022	-0,229
18,440	-12,762	-0,222
18,460	-9,244	-0,218
18,480	-5,624	-0,204
18,500	-1,917	-0,188
18,520	1,778	-0,171
18,540	5,495	-0,151
18,560	9,083	-0,125
18,580	12,579	-0,107
18,600	15,882	-0,079
18,620	18,949	-0,050
18,640	21,753	-0,021
18,660	24,218	0,007
18,680	26,334	0,037
18,700	28,064	0,061
18,720	29,396	0,091
18,740	30,304	0,111
18,760	30,766	0,139
18,780	30,787	0,154
18,800	30,368	0,176
18,820	29,514	0,192
18,840	28,220	0,203
18,860	26,539	0,215
18,880	24,465	0,219
18,900	22,021	0,224
18,920	19,255	0,225
18,940	16,226	0,222
18,960	12,928	0,220
18,980	9,496	0,210
19,000	5,892	0,198
19,020	2,202	0,184
19,040	-1,482	0,163
19,060	-5,210	0,140
19,080	-8,809	0,123
19,100	-12,327	0,099
19,120	-15,619	0,072
19,140	-18,745	0,043
19,160	-21,543	0,017
19,180	-24,041	-0,009
19,200	-26,200	-0,035
19,220	-28,005	-0,064
19,240	-29,342	-0,092
19,260	-30,271	-0,111
19,280	-30,728	-0,138
19,300	-30,814	-0,159
19,320	-30,449	-0,176
19,340	-29,595	-0,192
19,360	-28,370	-0,205
19,380	-26,657	-0,214
19,400	-24,626	-0,220
19,420	-22,177	-0,227
19,440	-19,443	-0,229
19,460	-16,393	-0,229
19,480	-13,143	-0,224
19,500	-9,657	-0,212
19,520	-6,069	-0,202
19,540	-2,358	-0,190
19,560	1,343	-0,171
19,580	5,065	-0,154
19,600	8,669	-0,128
19,620	12,198	-0,110
19,640	15,517	-0,076
19,660	18,595	-0,052
19,680	21,463	-0,024
19,700	23,955	0,003
19,720	26,114	0,035
19,740	27,887	0,059
19,760	29,278	0,084
19,780	30,223	0,108
19,800	30,733	0,136
19,820	30,809	0,152
19,840	30,438	0,173
19,860	29,611	0,187
19,880	28,402	0,198
19,900	26,737	0,213
19,920	24,729	0,215
19,940	22,295	0,227
19,960	19,599	0,228
19,980	16,575	0,225
20,000	13,331	0,219
20,020	9,888	0,214
20,040	6,322	0,198
20,060	2,637	0,186
20,080	-1,053	0,164
20,100	-4,775	0,146
20,120	-8,390	0,123
20,140	-11,924	0,104
20,160	-15,243	0,072
20,180	-18,353	0,047
20,200	-21,221	0,019
20,220	-23,740	-0,005
20,240	-25,975	-0,031
20,260	-27,742	-0,059
20,280	-29,187	-0,084
20,300	-30,143	-0,106
20,320	-30,653	-0,131
20,340	-30,809	-0,155
20,360	-30,454	-0,173
20,380	-29,691	-0,189
20,400	-28,467	-0,205
20,420	-26,845	-0,218
20,440	-24,820	-0,221
20,460	-22,419	-0,228
20,480	-19,728	-0,225
20,500	-16,747	-0,225
20,520	-13,492	-0,221
20,540	-10,055	-0,213
20,560	-6,451	-0,201
20,580	-2,782	-0,191
20,600	0,945	-0,169
20,620	4,635	-0,154
20,640	8,266	-0,132
20,660	11,806	-0,108
20,680	15,146	-0,077
20,700	18,278	-0,056
20,720	21,141	-0,025
20,740	23,692	0,000
20,760	25,889	0,032
20,780	27,715	0,058
20,800	29,133	0,086
20,820	30,132	0,104
20,840	30,701	0,127
20,860	30,819	0,151
20,880	30,513	0,169
20,900	29,740	0,185
20,920	28,553	0,195
20,940	26,941	0,211
20,960	24,970	0,210
20,980	22,607	0,225
21,000	19,895	0,222
21,020	16,935	0,226
21,040	13,696	0,213
21,060	10,275	0,210
21,080	6,730	0,194
21,100	3,045	0,184
21,120	-0,639	0,161
21,140	-4,361	0,146
21,160	-7,998	0,120
21,180	-11,510	0,103
21,200	-14,873	0,074
21,220	-18,031	0,049
21,240	-20,910	0,020
21,260	-23,466	-0,003
21,280	-25,706	-0,034
21,300	-27,575	-0,059
21,320	-29,052	-0,086
21,340	-30,073	-0,108
21,360	-30,610	-0,133
21,380	-30,798	-0,154
21,400	-30,492	-0,175
21,420	-29,804	-0,189
21,440	-28,644	-0,204
21,460	-27,033	-0,217
21,480	-25,040	-0,221
21,500	-22,709	-0,226
21,520	-20,061	-0,229
21,540	-17,053	-0,229
21,560	-13,868	-0,218
21,580	-10,431	-0,214
21,600	-6,854	-0,200
21,620	-3,185	-0,188
21,640	0,526	-0,171
21,660	4,243	-0,151
21,680	7,874	-0,129
21,700	11,408	-0,109
21,720	14,787	-0,081
21,740	17,934	-0,055
21,760	20,829	-0,024
21,780	23,429	0,002
21,800	25,652	0,028
21,820	27,532	0,053
21,840	28,993	0,083
21,860	30,035	0,103
21,880	30,653	0,128
21,900	30,825	0,148
21,920	30,567	0,168
21,940	29,831	0,182
21,960	28,703	0,199
21,980	27,151	0,210
22,000	25,217	0,214
22,020	22,881	0,221
22,040	20,228	0,221
22,060	17,284	0,224
22,080	14,078	0,216
22,100	10,672	0,210
22,120	7,122	0,196
22,140	3,470	0,185
22,160	-0,242	0,169
22,180	-3,942	0,147
22,200	-7,605	0,123
22,220	-11,161	0,103
22,240	-14,518	0,074
22,260	-17,660	0,052
22,280	-20,604	0,019
22,300	-23,203	-0,003
22,320	-25,491	-0,031
22,340	-27,371	-0,055
22,360	-28,918	-0,087
22,380	-29,933	-0,107
22,400	-30,610	-0,134
22,420	-30,809	-0,153
22,440	-30,578	-0,174
22,460	-29,906	-0,189
22,480	-28,778	-0,207
22,500	-27,242	-0,215
22,520	-25,319	-0,220
22,540	-23,004	-0,230
22,560	-20,367	-0,225
22,580	-17,402	-0,233
22,600	-14,255	-0,220
22,620	-10,833	-0,217
22,640	-7,272	-0,200
22,660	-3,599	-0,191
22,680	0,118	-0,169
22,700	3,835	-0,153
22,720	7,460	-0,132
22,740	11,021	-0,113
22,760	14,421	-0,084
22,780	17,596	-0,058
22,800	20,507	-0,026
22,820	23,155	0,001
22,840	25,416	0,027
22,860	27,333	0,055
22,880	28,837	0,082
22,900	29,949	0,105
22,920	30,604	0,127
22,940	30,835	0,145
22,960	30,610	0,167
22,980	29,955	0,183
23,000	28,859	0,199
23,020	27,350	0,212
23,040	25,448	0,218
23,060	23,171	0,224
23,080	20,544	0,220
23,100	17,628	0,223
23,120	14,454	0,216
23,140	11,054	0,212
23,160	7,520	0,198
23,180	3,889	0,187
23,200	0,172	0,169
23,220	-3,550	0,144
23,240	-7,213	0,123
23,260	-10,769	0,102
23,280	-14,180	0,078
23,300	-17,402	0,054
23,320	-20,319	0,024
23,340	-23,010	-0,001
23,360	-25,282	-0,026
23,380	-27,258	-0,057
23,400	-28,805	-0,080
23,420	-29,949	-0,108
23,440	-30,626	-0,127
23,460	-30,846	-0,152
23,480	-30,696	-0,171
23,500	-30,083	-0,190
23,520	-28,993	-0,203
23,540	-27,500	-0,210
23,560	-25,609	-0,217
23,580	-23,327	-0,227
23,600	-20,732	-0,225
23,620	-17,805	-0,233
23,640	-14,652	-0,219
23,660	-11,220	-0,220
23,680	-7,708	-0,200
23,700	-4,044	-0,192
23,720	-0,338	-0,173
23,740	3,389	-0,154
23,760	7,063	-0,135
23,780	10,608	-0,113
23,800	14,040	-0,086
23,820	17,236	-0,059
23,840	20,190	-0,030
23,860	22,865	-0,003
23,880	25,180	0,023
23,900	27,140	0,052
23,920	28,692	0,078
23,940	29,836	0,103
23,960	30,562	0,128
23,980	30,830	0,152
24,000	30,658	0,165
24,020	30,030	0,186
24,040	29,009	0,198
24,060	27,543	0,213
24,080	25,690	0,218
24,100	23,445	0,225
24,120	20,856	0,223
24,140	17,977	0,231
24,160	14,835	0,222
24,180	11,473	0,217
24,200	7,944	0,202
24,220	4,329	0,193
24,240	0,612	0,173
24,260	-3,099	0,154
24,280	-6,762	0,135
24,300	-10,329	0,111
24,320	-13,766	0,083
24,340	-16,978	0,057
24,360	-19,959	0,027
24,380	-22,628	0,003
24,400	-24,976	-0,026
24,420	-27,022	-0,050
24,440	-28,612	-0,076
24,460	-29,767	-0,105
24,480	-30,513	-0,127
24,500	-30,825	-0,150
24,520	-30,680	-0,171
24,540	-30,148	-0,192
24,560	-29,122	-0,201
24,580	-27,683	-0,217
24,600	-25,803	-0,222
24,620	-23,606	-0,227
24,640	-21,033	-0,223
24,660	-18,144	-0,233
24,680	-15,044	-0,225
24,700	-11,655	-0,219
24,720	-8,143	-0,203
24,740	-4,479	-0,193
24,760	-0,768	-0,178
24,780	2,965	-0,163
24,800	6,633	-0,138
24,820	10,194	-0,117
24,840	13,648	-0,090
24,860	16,876	-0,066
24,880	19,862	-0,037
24,900	22,585	-0,006
24,920	24,922	0,020
24,940	26,941	0,047
24,960	28,526	0,074
24,980	29,745	0,099
25,000	30,502	0,125
25,020	30,819	0,148
25,040	30,712	0,161
25,060	30,153	0,185
25,080	29,149	0,198
25,100	27,726	0,209
25,120	25,910	0,218
25,140	23,724	0,224
25,160	21,167	0,226
25,180	18,321	0,227
25,200	15,200	0,219
25,220	11,870	0,219
25,240	8,357	0,206
25,260	4,727	0,196
25,280	1,047	0,174
25,300	-2,680	0,155
25,320	-6,365	0,135
25,340	-9,947	0,114
25,360	-13,363	0,087
25,380	-16,629	0,060
25,400	-19,637	0,034
25,420	-22,376	0,009
25,440	-24,712	-0,019
25,460	-26,775	-0,047
25,480	-28,418	-0,074
25,500	-29,675	-0,099
25,520	-30,443	-0,124
25,540	-30,776	-0,145
25,560	-30,690	-0,165
25,580	-30,169	-0,186
25,600	-29,219	-0,196
25,620	-27,838	-0,214
25,640	-26,012	-0,220
25,660	-23,848	-0,230
25,680	-21,296	-0,229
25,700	-18,482	-0,231
25,720	-15,356	-0,224
25,740	-12,047	-0,220
25,760	-8,492	-0,210
25,780	-4,872	-0,200
25,800	-1,166	-0,179
25,820	2,546	-0,164
25,840	6,220	-0,143
25,860	9,808	-0,120
25,880	13,267	-0,095
25,900	16,521	-0,071
25,920	19,535	-0,040
25,940	22,290	-0,015
25,960	24,680	0,014
25,980	26,721	0,041
26,000	28,375	0,069
26,020	29,622	0,095
26,040	30,427	0,117
26,060	30,798	0,134
26,080	30,739	0,160
26,100	30,212	0,177
26,120	29,283	0,192
26,140	27,908	0,202
26,160	26,136	0,217
26,180	23,987	0,224
26,200	21,463	0,227
26,220	18,648	0,227
26,240	15,571	0,227
26,260	12,241	0,219
26,280	8,755	0,205
26,300	5,135	0,198
26,320	1,466	0,173
26,340	-2,283	0,159
26,360	-5,930	0,133
26,380	-9,544	0,117
26,400	-12,987	0,086
26,420	-16,264	0,064
26,440	-19,336	0,035
26,460	-22,064	0,014
26,480	-24,492	-0,018
26,500	-26,560	-0,038
26,520	-28,284	-0,071
26,540	-29,530	-0,093
26,560	-30,374	-0,121
26,580	-30,744	-0,142
26,600	-30,766	-0,165
26,620	-30,266	-0,182
26,640	-29,369	-0,198
26,660	-27,978	-0,210
26,680	-26,232	-0,218
26,700	-24,079	-0,225
26,720	-21,603	-0,231
26,740	-18,788	-0,231
26,760	-15,700	-0,224
26,780	-12,407	-0,221
26,800	-8,905	-0,208
26,820	-5,269	-0,197
26,840	-1,579	-0,182
26,860	2,138	-0,166
26,880	5,822	-0,142
26,900	9,416	-0,124
26,920	12,896	-0,100
26,940	16,178	-0,074
26,960	19,212	-0,047
26,980	22,000	-0,017
27,000	24,438	0,011
27,020	26,517	0,036
27,040	28,204	0,066
27,060	29,509	0,090
27,080	30,363	0,111
27,100	30,787	0,135
27,120	30,760	0,150
27,140	30,320	0,175
27,160	29,407	0,185
27,180	28,080	0,206
27,200	26,340	0,210
27,220	24,250	0,221
27,240	21,764	0,223
27,260	18,987	0,225
27,280	15,920	0,222
27,300	12,611	0,220
27,320	9,147	0,203
27,340	5,538	0,200
27,360	1,869	0,174
27,380	-1,864	0,161
27,400	-5,564	0,136
27,420	-9,179	0,121
27,440	-12,654	0,091
27,460	-15,931	0,067
27,480	-19,019	0,038
27,500	-21,785	0,018
27,520	-24,283	-0,014
27,540	-26,394	-0,036
27,560	-28,102	-0,069
27,580	-29,444	-0,089
27,600	-30,314	-0,115
27,620	-30,771	-0,139
27,640	-30,771	-0,159
27,660	-30,352	-0,179
27,680	-29,487	-0,194
27,700	-28,182	-0,213
27,720	-26,474	-0,216
27,740	-24,396	-0,225
27,760	-21,893	-0,226
27,780	-19,116	-0,229
27,800	-16,092	-0,224
27,820	-12,794	-0,215
27,840	-9,319	-0,208
27,860	-5,726	-0,197
27,880	-1,998	-0,183
27,900	1,713	-0,164
27,920	5,409	-0,144
27,940	9,013	-0,121
27,960	12,520	-0,100
27,980	15,818	-0,067
28,000	18,869	-0,049
28,020	21,699	-0,013
28,040	24,165	0,010
28,060	26,286	0,038
28,080	28,032	0,061
28,100	29,380	0,090
28,120	30,288	0,113
28,140	30,760	0,136
28,160	30,787	0,154
28,180	30,384	0,173
28,200	29,536	0,186
28,220	28,257	0,202
28,240	26,565	0,212
28,260	24,514	0,217
28,280	22,081	0,224
28,300	19,320	0,223
28,320	16,291	0,221
28,340	13,003	0,214
28,360	9,550	0,208
28,380	5,973	0,193
28,400	2,288	0,178
28,420	-1,423	0,162
28,440	-5,124	0,136
28,460	-8,755	0,115
28,480	-12,257	0,090
28,500	-15,549	0,065
28,520	-18,686	0,040
28,540	-21,490	0,014
28,560	-23,998	-0,013
28,580	-26,168	-0,039
28,600	-27,989	-0,067
28,620	-29,342	-0,089
28,640	-30,277	-0,113
28,660	-30,744	-0,135
28,680	-30,819	-0,162
28,700	-30,443	-0,179
28,720	-29,654	-0,192
28,740	-28,402	-0,206
28,760	-26,694	-0,214
28,780	-24,637	-0,221
28,800	-22,252	-0,225
28,820	-19,492	-0,223
28,840	-16,452	-0,222
28,860	-13,202	-0,216
28,880	-9,727	-0,212
28,900	-6,134	-0,196
28,920	-2,449	-0,185
28,940	1,289	-0,163
28,960	4,984	-0,145
28,980	8,610	-0,122
29,000	12,117	-0,098
29,020	15,437	-0,070
29,040	18,546	-0,048
29,060	21,404	-0,015
29,080	23,917	0,007
29,100	26,066	0,040
29,120	27,854	0,062
29,140	29,235	0,090
29,160	30,207	0,111
29,180	30,723	0,140
29,200	30,803	0,159
29,220	30,465	0,176
29,240	29,643	0,185
29,260	28,424	0,203
29,280	26,764	0,210
29,300	24,766	0,218
29,320	22,360	0,223
29,340	19,653	0,223
29,360	16,650	0,222
29,380	13,406	0,215
29,400	9,974	0,210
29,420	6,392	0,193
29,440	2,712	0,181
29,460	-0,999	0,161
29,480	-4,678	0,140
29,500	-8,331	0,117
29,520	-11,838	0,096
29,540	-15,206	0,070
29,560	-18,305	0,040
29,580	-21,167	0,012
29,600	-23,687	-0,011
29,620	-25,916	-0,038
29,640	-27,736	-0,062
29,660	-29,165	-0,091
29,680	-30,186	-0,115
29,700	-30,680	-0,138
29,720	-30,803	-0,161
29,740	-30,513	-0,179
29,760	-29,772	-0,194
29,780	-28,537	-0,206
29,800	-26,931	-0,216
29,820	-24,906	-0,223
29,840	-22,521	-0,228
29,860	-19,814	-0,225
29,880	-16,833	-0,225
29,900	-13,600	-0,220
29,920	-10,173	-0,213
29,940	-6,558	-0,199
29,960	-2,868	-0,192
29,980	0,859	-0,165
30,000	4,549	-0,150
30,020	8,186	-0,129
30,040	11,720	-0,105
30,060	15,077	-0,076
30,080	18,203	-0,049
30,100	21,087	-0,018
30,120	23,638	0,005
30,140	25,840	0,036
30,160	27,672	0,059
30,180	29,117	0,090
30,200	30,126	0,111
30,220	30,685	0,134
30,240	30,819	0,152
30,260	30,519	0,168
30,280	29,756	0,190
30,300	28,585	0,201
30,320	26,968	0,215
30,340	25,019	0,218
30,360	22,666	0,224
30,380	19,964	0,225
30,400	17,010	0,224
30,420	13,766	0,211
30,440	10,355	0,211
30,460	6,794	0,198
30,480	3,142	0,186
30,500	-0,575	0,165
30,520	-4,270	0,148
30,540	-7,944	0,123
30,560	-11,462	0,099
30,580	-14,808	0,072
30,600	-17,945	0,043
30,620	-20,872	0,020
30,640	-23,423	-0,006
30,660	-25,668	-0,035
30,680	-27,516	-0,059
30,700	-29,004	-0,090
30,720	-30,035	-0,109
30,740	-30,664	-0,138
30,760	-30,787	-0,158
30,780	-30,513	-0,178
30,800	-29,820	-0,194
30,820	-28,682	-0,209
30,840	-27,108	-0,217
30,860	-25,126	-0,229
30,880	-22,800	-0,233
30,900	-20,099	-0,234
30,920	-17,155	-0,230
30,940	-13,965	-0,222
30,960	-10,538	-0,221
30,980	-6,945	-0,201
31,000	-3,276	-0,192
31,020	0,424	-0,167
31,040	4,136	-0,155
31,060	7,777	-0,134
31,080	11,322	-0,106
31,100	14,701	-0,080
31,120	17,864	-0,055
31,140	20,759	-0,022
31,160	23,359	0,002
31,180	25,609	0,036
31,200	27,484	0,053
31,220	28,966	0,088
31,240	30,024	0,106
31,260	30,642	0,128
31,280	30,825	0,148
31,300	30,572	0,170
31,320	29,874	0,189
31,340	28,735	0,200
31,360	27,167	0,214
31,380	25,255	0,215
31,400	22,924	0,227
31,420	20,281	0,222
31,440	17,354	0,225
31,460	14,142	0,221
31,480	10,748	0,215
31,500	7,187	0,200
31,520	3,556	0,190
31,540	-0,145	0,165
31,560	-3,867	0,149
31,580	-7,530	0,128
31,600	-11,070	0,104
31,620	-14,437	0,078
31,640	-17,623	0,049
31,660	-20,561	0,024
31,680	-23,144	0,001
31,700	-25,432	-0,030
31,720	-27,360	-0,055
31,740	-28,880	-0,081
31,760	-29,944	-0,105
31,780	-30,588	-0,131
31,800	-30,798	-0,151
31,820	-30,604	-0,175
31,840	-29,922	-0,193
31,860	-28,832	-0,205
31,880	-27,264	-0,218
31,900	-25,368	-0,223
31,920	-23,042	-0,233
31,940	-20,432	-0,231
31,960	-17,504	-0,235
31,980	-14,287	-0,223
32,000	-10,925	-0,220
32,020	-7,353	-0,206
32,040	-3,685	-0,193
32,060	0,027	-0,172
32,080	3,733	-0,159
32,100	7,391	-0,135
32,120	10,941	-0,110
32,140	14,341	-0,085
32,160	17,521	-0,060
32,180	20,453	-0,032
32,200	23,101	-0,001
32,220	25,368	0,027
32,240	27,291	0,049
32,260	28,827	0,082
32,280	29,922	0,100
32,300	30,599	0,126
32,320	30,835	0,143
32,340	30,631	0,165
32,360	29,965	0,182
32,380	28,886	0,196
32,400	27,366	0,213
32,420	25,497	0,218
32,440	23,214	0,226
32,460	20,587	0,226
32,480	17,687	0,224
32,500	14,507	0,223
32,520	11,124	0,215
32,540	7,600	0,203
32,560	3,937	0,190
32,580	0,263	0,171
32,600	-3,459	0,152
32,620	-7,127	0,129
32,640	-10,710	0,111
32,660	-14,121	0,080
32,680	-17,273	0,055
32,700	-20,254	0,028
32,720	-22,892	0,003
32,740	-25,223	-0,023
32,760	-27,172	-0,051
32,780	-28,746	-0,080
32,800	-29,863	-0,102
32,820	-30,572	-0,129
32,840	-30,814	-0,146
32,860	-30,658	-0,169
32,880	-30,046	-0,183
32,900	-28,999	-0,201
32,920	-27,484	-0,216
32,940	-25,620	-0,217
32,960	-23,337	-0,227
32,980	-20,727	-0,230
33,000	-17,832	-0,233
33,020	-14,685	-0,225
33,040	-11,333	-0,217
33,060	-7,772	-0,204
33,080	-4,109	-0,195
33,100	-0,392	-0,175
33,120	3,314	-0,161
33,140	6,972	-0,136
33,160	10,533	-0,113
33,180	13,959	-0,090
33,200	17,182	-0,065
33,220	20,125	-0,038
33,240	22,816	-0,003
33,260	25,137	0,020
33,280	27,092	0,045
33,300	28,660	0,075
33,320	29,826	0,097
33,340	30,551	0,119
33,360	30,825	0,140
33,380	30,674	0,161
33,400	30,073	0,180
33,420	29,031	0,192
33,440	27,554	0,205
33,460	25,738	0,210
33,480	23,488	0,220
33,500	20,904	0,223
33,520	18,036	0,220
33,540	14,905	0,219
33,560	11,532	0,206
33,580	8,024	0,202
33,600	4,383	0,189
33,620	0,666	0,170
33,640	-3,024	0,152
33,660	-6,692	0,132
33,680	-10,307	0,111
33,700	-13,707	0,089
33,720	-16,989	0,061
33,740	-19,932	0,032
33,760	-22,612	0,005
33,780	-24,970	-0,018
33,800	-26,995	-0,049
33,820	-28,606	-0,075
33,840	-29,820	-0,099
33,860	-30,519	-0,125
33,880	-30,830	-0,147
33,900	-30,685	-0,168
33,920	-30,196	-0,184
33,940	-29,154	-0,200
33,960	-27,688	-0,212
33,980	-25,840	-0,217
34,000	-23,660	-0,225
34,020	-21,087	-0,224
34,040	-18,197	-0,227
34,060	-15,066	-0,222
34,080	-11,720	-0,217
34,100	-8,180	-0,204
34,120	-4,539	-0,190
34,140	-0,827	-0,176
34,160	2,911	-0,162
34,180	6,558	-0,135
34,200	10,130	-0,113
34,220	13,567	-0,088
34,240	16,822	-0,066
34,260	19,803	-0,038
34,280	22,548	-0,008
34,300	24,879	0,018
34,320	26,893	0,045
34,340	28,504	0,071
34,360	29,718	0,096
34,380	30,486	0,119
34,400	30,819	0,144
34,420	30,712	0,161
34,440	30,153	0,177
34,460	29,176	0,190
34,480	27,752	0,208
34,500	25,964	0,212
34,520	23,772	0,218
34,540	21,227	0,216
34,560	18,380	0,219
34,580	15,270	0,217
34,600	11,935	0,208
34,620	8,422	0,203
34,640	4,812	0,188
34,660	1,128	0,172
34,680	-2,594	0,155
34,700	-6,279	0,127
34,720	-9,877	0,109
34,740	-13,288	0,082
34,760	-16,581	0,061
34,780	-19,578	0,034
34,800	-22,317	0,006
34,820	-24,686	-0,018
34,840	-26,753	-0,049
34,860	-28,413	-0,073
34,880	-29,675	-0,098
34,900	-30,438	-0,125
34,920	-30,825	-0,146
34,940	-30,744	-0,167
34,960	-30,245	-0,181
34,980	-29,283	-0,196
35,000	-27,903	-0,210
35,020	-26,120	-0,212
35,040	-23,923	-0,221
35,060	-21,409	-0,223
35,080	-18,552	-0,225
35,100	-15,479	-0,219
35,120	-12,144	-0,214
35,140	-8,594	-0,205
35,160	-4,974	-0,190
35,180	-1,262	-0,172
35,200	2,449	-0,155
35,220	6,134	-0,134
35,240	9,711	-0,112
35,260	13,202	-0,087
35,280	16,462	-0,061
35,300	19,465	-0,037
35,320	22,231	-0,005
35,340	24,626	0,017
35,360	26,684	0,047
35,380	28,338	0,071
35,400	29,611	0,097
35,420	30,417	0,122
35,440	30,798	0,141
35,460	30,744	0,161
35,480	30,250	0,172
35,500	29,299	0,191
35,520	27,930	0,206
35,540	26,179	0,210
35,560	24,036	0,217
35,580	21,533	0,223
35,600	18,713	0,217
35,620	15,635	0,216
35,640	12,311	0,209
35,660	8,830	0,205
35,680	5,231	0,190
35,700	1,563	0,178
35,720	-2,181	0,152
35,740	-5,854	0,135
35,760	-9,464	0,111
35,780	-12,939	0,086
35,800	-16,183	0,060
35,820	-19,261	0,031
35,840	-22,021	0,006
35,860	-24,422	-0,019
35,880	-26,522	-0,048
35,900	-28,214	-0,072
35,920	-29,520	-0,096
35,940	-30,368	-0,120
35,960	-30,744	-0,148
35,980	-30,723	-0,164
36,000	-30,288	-0,183
36,020	-29,375	-0,197
36,040	-28,042	-0,212
36,060	-26,297	-0,220
36,080	-24,165	-0,226
36,100	-21,683	-0,225
36,120	-18,863	-0,227
36,140	-15,786	-0,221
36,160	-12,499	-0,217
36,180	-9,002	-0,208
36,200	-5,371	-0,196
36,220	-1,687	-0,176
36,240	2,041	-0,162
36,260	5,736	-0,142
36,280	9,319	-0,115
36,300	12,810	-0,091
36,320	16,086	-0,066
36,340	19,137	-0,038
36,360	21,941	-0,012
36,380	24,369	0,016
36,400	26,469	0,045
36,420	28,171	0,073
36,440	29,482	0,099
36,460	30,352	0,119
36,480	30,776	0,137
36,500	30,771	0,160
36,520	30,325	0,177
36,540	29,428	0,195
36,560	28,102	0,202
36,580	26,394	0,219
36,600	24,304	0,219
36,620	21,828	0,227
36,640	19,035	0,220
36,660	16,000	0,221
36,680	12,687	0,212
36,700	9,233	0,209
36,720	5,624	0,192
36,740	1,955	0,177
36,760	-1,772	0,160
36,780	-5,452	0,140
36,800	-9,083	0,114
36,820	-12,552	0,089
36,840	-15,845	0,064
36,860	-18,912	0,034
36,880	-21,694	0,013
36,900	-24,186	-0,018
36,920	-26,302	-0,047
36,940	-28,091	-0,072
36,960	-29,385	-0,096
36,980	-30,277	-0,117
37,000	-30,733	-0,142
37,020	-30,792	-0,165
37,040	-30,331	-0,181
37,060	-29,460	-0,198
37,080	-28,220	-0,212
37,100	-26,479	-0,220
37,120	-24,422	-0,228
37,140	-21,973	-0,231
37,160	-19,191	-0,233
37,180	-16,135	-0,229
37,200	-12,880	-0,220
37,220	-9,394	-0,209
37,240	-5,795	-0,197
37,260	-2,073	-0,183
37,280	1,627	-0,165
37,300	5,344	-0,147
37,320	8,932	-0,120
37,340	12,434	-0,098
37,360	15,753	-0,071
37,380	18,826	-0,042
37,400	21,624	-0,016
37,420	24,122	0,013
37,440	26,249	0,040
37,460	28,005	0,065
37,480	29,364	0,092
37,500	30,271	0,115
37,520	30,755	0,137
37,540	30,792	0,154
37,560	30,406	0,173
37,580	29,541	0,192
37,600	28,295	0,205
37,620	26,614	0,217
37,640	24,562	0,221
37,660	22,102	0,229
37,680	19,368	0,225
37,700	16,355	0,224
37,720	13,062	0,220
37,740	9,625	0,210
37,760	6,042	0,200
37,780	2,358	0,187
37,800	-1,337	0,163
37,820	-5,038	0,144
37,840	-8,696	0,119
37,860	-12,155	0,095
37,880	-15,501	0,067
37,900	-18,584	0,042
37,920	-21,458	0,017
37,940	-23,917	-0,013
37,960	-26,120	-0,038
37,980	-27,892	-0,068
38,000	-29,278	-0,092
38,020	-30,239	-0,115
38,040	-30,696	-0,138
38,060	-30,814	-0,159
38,080	-30,406	-0,180
38,100	-29,616	-0,196
38,120	-28,408	-0,212
38,140	-26,716	-0,220
38,160	-24,669	-0,223
38,180	-22,279	-0,230
38,200	-19,513	-0,233
38,220	-16,511	-0,230
38,240	-13,261	-0,222
38,260	-9,770	-0,212
38,280	-6,193	-0,200
38,300	-2,514	-0,186
38,320	1,208	-0,168
38,340	4,925	-0,153
38,360	8,529	-0,125
38,380	12,053	-0,105
38,400	15,377	-0,074
38,420	18,477	-0,049
38,440	21,339	-0,019
38,460	23,864	0,007
38,480	26,034	0,037
38,500	27,822	0,061
38,520	29,224	0,089
38,540	30,196	0,112
38,560	30,723	0,137
38,580	30,814	0,152
38,600	30,476	0,176
38,620	29,670	0,189
38,640	28,451	0,205
38,660	26,818	0,215
38,680	24,820	0,218
38,700	22,419	0,225
38,720	19,701	0,224
38,740	16,704	0,223
38,760	13,465	0,219
38,780	10,039	0,214
38,800	6,451	0,198
38,820	2,788	0,189
38,840	-0,951	0,160
38,860	-4,635	0,147
38,880	-8,288	0,123
38,900	-11,790	0,106
38,920	-15,141	0,072
38,940	-18,272	0,049
38,960	-21,167	0,020
38,980	-23,670	-0,007
39,000	-25,889	-0,033
39,020	-27,752	-0,059
39,040	-29,181	-0,084
39,060	-30,186	-0,109
39,080	-30,707	-0,134
39,100	-30,825	-0,154
39,120	-30,519	-0,177
39,140	-29,788	-0,189
39,160	-28,628	-0,206
39,180	-26,931	-0,217
39,200	-24,949	-0,221
39,220	-22,569	-0,225
39,240	-19,889	-0,224
39,260	-16,860	-0,225
39,280	-13,659	-0,220
39,300	-10,178	-0,217
39,320	-6,623	-0,200
39,340	-2,933	-0,186
39,360	0,790	-0,165
39,380	4,496	-0,150
39,400	8,126	-0,125
39,420	11,666	-0,109
39,440	15,001	-0,077
39,460	18,149	-0,057
39,480	21,022	-0,024
39,500	23,595	0,002
39,520	25,797	0,032
39,540	27,645	0,059
39,560	29,079	0,082
39,580	30,094	0,106
39,600	30,690	0,128
39,620	30,819	0,148
39,640	30,529	0,169
39,660	29,767	0,181
39,680	28,612	0,196
39,700	27,017	0,211
39,720	25,072	0,212
39,740	22,704	0,222
39,760	20,029	0,220
39,780	17,069	0,221
39,800	13,852	0,214
39,820	10,436	0,211
39,840	6,886	0,198
39,860	3,217	0,186
39,880	-0,473	0,165
39,900	-4,195	0,147
39,920	-7,863	0,122
39,940	-11,387	0,105
39,960	-14,738	0,074
39,980	-17,896	0,054
40,000	-20,813	0,021
40,020	-23,380	-0,004
40,040	-25,663	-0,031
40,060	-27,511	-0,055
40,080	-29,031	-0,081
40,100	-30,062	-0,105
40,120	-30,664	-0,129
40,140	-30,846	-0,152
40,160	-30,583	-0,172
40,180	-29,906	-0,183
40,200	-28,746	-0,201
40,220	-27,199	-0,210
40,240	-25,212	-0,213
40,260	-22,892	-0,222
40,280	-20,211	-0,218
40,300	-17,257	-0,223
40,320	-14,045	-0,212
40,340	-10,640	-0,213
40,360	-7,047	-0,197
40,380	-3,389	-0,184
40,400	0,360	-0,170
40,420	4,061	-0,148
40,440	7,702	-0,127
40,460	11,247	-0,108
40,480	14,631	-0,079
40,500	17,800	-0,052
40,520	20,689	-0,022
40,540	23,327	0,003
40,560	25,561	0,028
40,580	27,452	0,059
40,600	28,934	0,081
40,620	30,014	0,106
40,640	30,631	0,128
40,660	30,825	0,148
40,680	30,588	0,168
40,700	29,885	0,179
40,720	28,768	0,198
40,740	27,226	0,210
40,760	25,314	0,212
40,780	22,988	0,218
40,800	20,356	0,218
40,820	17,424	0,221
40,840	14,233	0,214
40,860	10,833	0,206
40,880	7,305	0,198
40,900	3,636	0,185
40,920	-0,075	0,165
40,940	-3,776	0,144
40,960	-7,434	0,121
40,980	-10,979	0,100
41,000	-14,357	0,078
41,020	-17,553	0,049
41,040	-20,485	0,024
41,060	-23,085	-0,001
41,080	-25,368	-0,030
41,100	-27,296	-0,054
41,120	-28,837	-0,084
41,140	-29,901	-0,107
41,160	-30,578	-0,126
41,180	-30,825	-0,150
41,200	-30,578	-0,173
41,220	-29,981	-0,188
41,240	-28,848	-0,203
41,260	-27,339	-0,209
41,280	-25,389	-0,218
41,300	-23,144	-0,223
41,320	-20,528	-0,222
41,340	-17,553	-0,224
41,360	-14,421	-0,216
41,380	-11,000	-0,213
41,400	-7,455	-0,198
41,420	-3,776	-0,189
41,440	-0,075	-0,166
41,460	3,642	-0,150
41,480	7,321	-0,125
41,500	10,850	-0,107
41,520	14,260	-0,078
41,540	17,440	-0,055
41,560	20,389	-0,025
41,580	23,047	-0,001
41,600	25,319	0,031
41,620	27,269	0,052
41,640	28,789	0,079
41,660	29,901	0,103
41,680	30,599	0,125
41,700	30,830	0,148
41,720	30,631	0,168
41,740	29,971	0,186
41,760	28,913	0,200
41,780	27,419	0,210
41,800	25,556	0,217
41,820	23,251	0,215
41,840	20,652	0,219
41,860	17,751	0,218
41,880	14,588	0,215
41,900	11,226	0,211
41,920	7,686	0,198
41,940	4,034	0,182
41,960	0,349	0,168
41,980	-3,362	0,145
42,000	-7,025	0,127
42,020	-10,597	0,101
42,040	-14,013	0,077
42,060	-17,204	0,053
42,080	-20,163	0,023
42,100	-22,827	0,001
42,120	-25,126	-0,034
42,140	-27,113	-0,054
42,160	-28,714	-0,085
42,180	-29,836	-0,107
42,200	-30,524	-0,133
42,220	-30,792	-0,151
42,240	-30,674	-0,171
42,260	-30,041	-0,186
42,280	-28,977	-0,204
42,300	-27,521	-0,217
42,320	-25,625	-0,223
42,340	-23,418	-0,228
42,360	-20,802	-0,227
42,380	-17,891	-0,225
42,400	-14,738	-0,222
42,420	-11,397	-0,215
42,440	-7,847	-0,204
42,460	-4,195	-0,190
42,480	-0,462	-0,171
42,500	3,239	-0,154
42,520	6,902	-0,132
42,540	10,463	-0,106
42,560	13,884	-0,082
42,580	17,107	-0,057
42,600	20,061	-0,030
42,620	22,768	-0,003
42,640	25,078	0,029
42,660	27,065	0,053
42,680	28,628	0,081
42,700	29,804	0,103
42,720	30,540	0,123
42,740	30,825	0,146
42,760	30,685	0,164
42,780	30,089	0,184
42,800	29,058	0,198
42,820	27,607	0,207
42,840	25,765	0,221
42,860	23,552	0,219
42,880	20,963	0,229
42,900	18,084	0,223
42,920	14,969	0,223
42,940	11,602	0,213
42,960	8,094	0,202
42,980	4,453	0,190
43,000	0,747	0,172
43,020	-2,954	0,152
43,040	-6,644	0,132
43,060	-10,216	0,100
43,080	-13,653	0,084
43,100	-16,871	0,055
43,120	-19,862	0,025
43,140	-22,553	-0,001
43,160	-24,943	-0,028
43,180	-26,925	-0,050
43,200	-28,563	-0,079
43,220	-29,745	-0,105
43,240	-30,486	-0,130
43,260	-30,782	-0,153
43,280	-30,696	-0,169
43,300	-30,148	-0,189
43,320	-29,165	-0,205
43,340	-27,731	-0,216
43,360	-25,878	-0,219
43,380	-23,654	-0,229
43,400	-21,135	-0,229
43,420	-18,240	-0,234
43,440	-15,136	-0,226
43,460	-11,763	-0,219
43,480	-8,239	-0,206
43,500	-4,603	-0,196
43,520	-0,886	-0,179
43,540	2,809	-0,159
43,560	6,472	-0,138
43,580	10,076	-0,115
43,600	13,519	-0,090
43,620	16,747	-0,061
43,640	19,750	-0,035
43,660	22,483	-0,006
43,680	24,836	0,020
43,700	26,866	0,051
43,720	28,478	0,076
43,740	29,691	0,100
43,760	30,486	0,121
43,780	30,809	0,146
43,800	30,712	0,164
43,820	30,159	0,182
43,840	29,208	0,196
43,860	27,790	0,206
43,880	26,007	0,219
43,900	23,826	0,220
43,920	21,275	0,227
43,940	18,444	0,227
43,960	15,345	0,224
43,980	11,988	0,213
44,000	8,486	0,202
44,020	4,877	0,191
44,040	1,198	0,174
44,060	-2,551	0,151
44,080	-6,204	0,134
44,100	-9,818	0,108
44,120	-13,272	0,088
44,140	-16,495	0,058
44,160	-19,540	0,032
44,180	-22,285	0,006
44,200	-24,664	-0,021
44,220	-26,743	-0,047
44,240	-28,392	-0,077
44,260	-29,654	-0,095
44,280	-30,449	-0,127
44,300	-30,787	-0,148
44,320	-30,766	-0,169
44,340	-30,250	-0,185
44,360	-29,353	-0,200
44,380	-27,924	-0,209
44,400	-26,146	-0,223
44,420	-23,955	-0,223
44,440	-21,447	-0,229
44,460	-18,605	-0,228
44,480	-15,517	-0,225
44,500	-12,198	-0,219
44,520	-8,690	-0,212
44,540	-5,022	-0,194
44,560	-1,343	-0,181
44,580	2,412	-0,160
44,600	6,059	-0,146
44,620	9,668	-0,119
44,640	13,122	-0,099
44,660	16,403	-0,066
44,680	19,417	-0,040
44,700	22,167	-0,011
44,720	24,589	0,013
44,740	26,651	0,042
44,760	28,306	0,069
44,780	29,584	0,094
44,800	30,406	0,120
44,820	30,798	0,140
44,840	30,755	0,161
44,860	30,261	0,173
44,880	29,326	0,195
44,900	27,973	0,201
44,920	26,211	0,217
44,940	24,095	0,217
44,960	21,581	0,226
44,980	18,793	0,219
45,000	15,700	0,222
45,020	12,386	0,210
45,040	8,921	0,202
45,060	5,307	0,191
45,080	1,633	0,177
45,100	-2,100	0,161
45,120	-5,790	0,133
45,140	-9,383	0,114
45,160	-12,848	0,087
45,180	-16,113	0,065
45,200	-19,202	0,037
45,220	-21,936	0,010
45,240	-24,390	-0,018
45,260	-26,490	-0,042
45,280	-28,198	-0,069
45,300	-29,477	-0,092
45,320	-30,347	-0,119
45,340	-30,766	-0,141
45,360	-30,744	-0,164
45,380	-30,298	-0,179
45,400	-29,385	-0,196
45,420	-28,085	-0,208
45,440	-26,329	-0,215
45,460	-24,224	-0,222
45,480	-21,737	-0,226
45,500	-18,938	-0,223
45,520	-15,855	-0,223
45,540	-12,584	-0,217
45,560	-9,077	-0,208
45,580	-5,462	-0,197
45,600	-1,751	-0,182
45,620	1,960	-0,163
45,640	5,661	-0,144
45,660	9,265	-0,122
45,680	12,746	-0,096
45,700	16,038	-0,069
45,720	19,078	-0,046
45,740	21,887	-0,017
45,760	24,326	0,013
45,780	26,431	0,036
45,800	28,134	0,065
45,820	29,460	0,089
45,840	30,331	0,113
45,860	30,776	0,131
45,880	30,776	0,155
45,900	30,331	0,175
45,920	29,455	0,186
45,940	28,150	0,205
45,960	26,426	0,208
45,980	24,363	0,218
46,000	21,882	0,219
46,020	19,110	0,220
46,040	16,065	0,216
46,060	12,783	0,215
46,080	9,308	0,199
46,100	5,731	0,195
46,120	2,030	0,173
46,140	-1,654	0,165
46,160	-5,339	0,136
46,180	-8,997	0,116
46,200	-12,482	0,088
46,220	-15,764	0,068
46,240	-18,853	0,037
46,260	-21,656	0,012
46,280	-24,122	-0,015
46,300	-26,249	-0,042
46,320	-28,032	-0,067
46,340	-29,375	-0,088
46,360	-30,261	-0,115
46,380	-30,701	-0,137
46,400	-30,739	-0,161
46,420	-30,384	-0,179
46,440	-29,509	-0,192
46,460	-28,236	-0,208
46,480	-26,522	-0,215
46,500	-24,455	-0,224
46,520	-22,005	-0,224
46,540	-19,282	-0,224
46,560	-16,162	-0,225
46,580	-12,944	-0,214
46,600	-9,458	-0,210
46,620	-5,871	-0,196
46,640	-2,159	-0,181
46,660	1,558	-0,163
46,680	5,253	-0,146
46,700	8,852	-0,125
46,720	12,364	-0,100
46,740	15,673	-0,070
46,760	18,745	-0,047
46,780	21,576	-0,015
46,800	24,079	0,007
46,820	26,200	0,038
46,840	27,967	0,059
46,860	29,337	0,093
46,880	30,255	0,108
46,900	30,755	0,132
46,920	30,792	0,149
46,940	30,417	0,174
46,960	29,573	0,185
46,980	28,316	0,201
47,000	26,635	0,210
47,020	24,610	0,216
47,040	22,167	0,220
47,060	19,443	0,218
47,080	16,425	0,221
47,100	13,159	0,210
47,120	9,700	0,203
47,140	6,128	0,190
47,160	2,455	0,175
47,180	-1,257	0,158
47,200	-4,952	0,136
47,220	-8,583	0,118
47,240	-12,101	0,090
47,260	-15,415	0,067
47,280	-18,514	0,037
47,300	-21,329	0,013
47,320	-23,875	-0,009
47,340	-26,034	-0,042
47,360	-27,865	-0,063
47,380	-29,203	-0,090
47,400	-30,180	-0,112
47,420	-30,685	-0,140
47,440	-30,798	-0,159
47,460	-30,427	-0,177
47,480	-29,643	-0,192
47,500	-28,402	-0,208
47,520	-26,764	-0,214
47,540	-24,696	-0,219
47,560	-22,338	-0,226
47,580	-19,551	-0,223
47,600	-16,559	-0,222
47,620	-13,326	-0,214
47,640	-9,851	-0,208
47,660	-6,273	-0,196
47,680	-2,573	-0,184
47,700	1,144	-0,163
47,720	4,823	-0,146
47,740	8,470	-0,122
47,760	11,983	-0,097
47,780	15,308	-0,069
47,800	18,423	-0,044
47,820	21,270	-0,014
47,840	23,821	0,007
47,860	25,985	0,038
47,880	27,790	0,060
47,900	29,197	0,084
47,920	30,180	0,109
47,940	30,712	0,132
47,960	30,819	0,152
47,980	30,476	0,169
48,000	29,681	0,190
48,020	28,478	0,203
48,040	26,839	0,213
48,060	24,863	0,216
48,080	22,489	0,225
48,100	19,755	0,224
48,120	16,774	0,222
48,140	13,519	0,213
48,160	10,098	0,207
48,180	6,526	0,194
48,200	2,836	0,181
48,220	-0,854	0,156
48,240	-4,576	0,136
48,260	-8,229	0,121
48,280	-11,736	0,094
48,300	-15,087	0,070
48,320	-18,219	0,044
48,340	-21,108	0,017
48,360	-23,649	-0,009
48,380	-25,846	-0,033
48,400	-27,704	-0,063
48,420	-29,176	-0,089
48,440	-30,180	-0,112
48,460	-30,696	-0,134
48,480	-30,835	-0,155
48,500	-30,567	-0,173
48,520	-29,793	-0,191
48,540	-28,623	-0,207
48,560	-26,984	-0,216
48,580	-24,976	-0,222
48,600	-22,607	-0,225
48,620	-19,937	-0,226
48,640	-16,930	-0,225
48,660	-13,712	-0,218
48,680	-10,275	-0,212
48,700	-6,682	-0,196
48,720	-3,002	-0,188
48,740	0,682	-0,161
48,760	4,420	-0,150
48,780	8,057	-0,125
48,800	11,602	-0,105
48,820	14,937	-0,074
48,840	18,074	-0,047
48,860	20,963	-0,020
48,880	23,547	0,006
48,900	25,754	0,036
48,920	27,602	0,057
48,940	29,063	0,086
48,960	30,083	0,107
48,980	30,685	0,134
49,000	30,819	0,152
49,020	30,545	0,171
49,040	29,810	0,190
49,060	28,639	0,201
49,080	27,054	0,213
49,100	25,121	0,216
49,120	22,757	0,221
49,140	20,093	0,219
49,160	17,139	0,223
49,180	13,917	0,212
49,200	10,511	0,208
49,220	6,950	0,192
49,240	3,292	0,185
49,260	-0,430	0,163
49,280	-4,109	0,145
49,300	-7,777	0,121
49,320	-11,306	0,098
49,340	-14,690	0,073
49,360	-17,854	0,045
49,380	-20,775	0,014
49,400	-23,337	-0,008
49,420	-25,620	-0,034
49,440	-27,484	-0,061
49,460	-29,004	-0,086
49,480	-30,035	-0,111
49,500	-30,680	-0,130
49,520	-30,830	-0,156
49,540	-30,621	-0,176
49,560	-29,890	-0,193
49,580	-28,811	-0,201
49,600	-27,205	-0,215
49,620	-25,282	-0,222
49,640	-22,935	-0,224
49,660	-20,287	-0,222
49,680	-17,284	-0,221
49,700	-14,115	-0,218
49,720	-10,694	-0,218
49,740	-7,149	-0,196
49,760	-3,448	-0,187
49,780	0,295	-0,169
49,800	3,985	-0,155
49,820	7,616	-0,127
49,840	11,177	-0,103
49,860	14,566	-0,077
49,880	17,735	-0,055
49,900	20,652	-0,022
49,920	23,273	0,003
49,940	25,507	0,034
49,960	27,414	0,057
49,980	28,907	0,084
50,000	29,987	0,107
50,020	30,637	0,132
50,040	30,830	0,152
50,060	30,599	0,170
50,080	29,896	0,185
50,100	28,800	0,198
50,120	27,242	0,210
50,140	25,352	0,217
50,160	23,047	0,224
50,180	20,405	0,224
50,200	17,483	0,221
50,220	14,303	0,213
50,240	10,903	0,212
50,260	7,358	0,195
50,280	3,706	0,188
50,300	0,027	0,165
50,320	-3,695	0,152
50,340	-7,348	0,123
50,360	-10,919	0,103
50,380	-14,287	0,075
50,400	-17,472	0,051
50,420	-20,416	0,019
50,440	-23,053	-0,005
50,460	-25,314	-0,030
50,480	-27,274	-0,056
50,500	-28,816	-0,085
50,520	-29,912	-0,106
50,540	-30,562	-0,133
50,560	-30,835	-0,153
50,580	-30,599	-0,175
50,600	-29,965	-0,192
50,620	-28,896	-0,202
50,640	-27,366	-0,217
50,660	-25,470	-0,219
50,680	-23,192	-0,229
50,700	-20,582	-0,226
50,720	-17,644	-0,226
50,740	-14,480	-0,221
50,760	-11,086	-0,216
50,780	-7,541	-0,203
50,800	-3,878	-0,191
50,820	-0,150	-0,171
50,840	3,550	-0,157
50,860	7,224	-0,131
50,880	10,764	-0,109
50,900	14,185	-0,082
50,920	17,375	-0,058
50,940	20,319	-0,031
50,960	22,983	-0,003
50,980	25,276	0,028
51,000	27,221	0,052
51,020	28,762	0,078
51,040	29,896	0,101
51,060	30,583	0,123
51,080	30,841	0,146
51,100	30,642	0,163
51,120	30,024	0,185
51,140	28,945	0,195
51,160	27,446	0,216
51,180	25,593	0,216
51,200	23,327	0,224
51,220	20,711	0,223
51,240	17,821	0,224
51,260	14,674	0,216
51,280	11,285	0,212
51,300	7,777	0,200
51,320	4,120	0,189
51,340	0,430	0,169
51,360	-3,287	0,153
51,380	-6,939	0,129
51,400	-10,527	0,109
51,420	-13,938	0,077
51,440	-17,128	0,049
51,460	-20,104	0,027
51,480	-22,752	0,000
51,500	-25,083	-0,026
51,520	-27,076	-0,051
51,540	-28,671	-0,080
51,560	-29,799	-0,104
51,580	-30,513	-0,128
51,600	-30,803	-0,151
51,620	-30,642	-0,169
51,640	-30,083	-0,187
51,660	-29,015	-0,199
51,680	-27,527	-0,217
51,700	-25,679	-0,220
51,720	-23,434	-0,231
51,740	-20,867	-0,225
51,760	-17,982	-0,233
51,780	-14,803	-0,224
51,800	-11,467	-0,220
51,820	-7,917	-0,207
51,840	-4,281	-0,192
51,860	-0,559	-0,174
51,880	3,153	-0,159
51,900	6,821	-0,134
51,920	10,393	-0,114
51,940	13,825	-0,086
51,960	17,021	-0,064
51,980	20,007	-0,038
52,000	22,725	-0,005
52,020	25,035	0,017
52,040	27,027	0,048
52,060	28,606	0,074
52,080	29,777	0,098
52,100	30,519	0,120
52,120	30,819	0,139
52,140	30,685	0,163
52,160	30,094	0,181
52,180	29,084	0,194
52,200	27,624	0,208
52,220	25,819	0,215
52,240	23,601	0,220
52,260	21,028	0,223
52,280	18,154	0,221
52,300	15,039	0,215
52,320	11,671	0,208
52,340	8,164	0,202
52,360	4,533	0,188
52,380	0,854	0,169
52,400	-2,884	0,153
52,420	-6,547	0,132
52,440	-10,157	0,111
52,460	-13,546	0,085
52,480	-16,806	0,060
52,500	-19,819	0,029
52,520	-22,489	0,001
52,540	-24,857	-0,024
52,560	-26,893	-0,049
52,580	-28,537	-0,074
52,600	-29,713	-0,099
52,620	-30,465	-0,125
52,640	-30,819	-0,144
52,660	-30,685	-0,170
52,680	-30,148	-0,183
52,700	-29,197	-0,199
52,720	-27,720	-0,213
52,740	-25,921	-0,219
52,760	-23,708	-0,225
52,780	-21,184	-0,224
52,800	-18,299	-0,230
52,820	-15,195	-0,225
52,840	-11,854	-0,217
52,860	-8,320	-0,205
52,880	-4,662	-0,194
52,900	-0,988	-0,178
52,920	2,745	-0,160
52,940	6,408	-0,135
52,960	9,990	-0,117
52,980	13,438	-0,090
53,000	16,699	-0,063
53,020	19,680	-0,039
53,040	22,424	-0,011
53,060	24,788	0,015
53,080	26,818	0,045
53,100	28,445	0,067
53,120	29,681	0,094
53,140	30,465	0,116
53,160	30,809	0,138
53,180	30,728	0,163
53,200	30,202	0,177
53,220	29,219	0,194
53,240	27,828	0,205
53,260	26,039	0,217
53,280	23,869	0,216
53,300	21,334	0,222
53,320	18,498	0,223
53,340	15,394	0,220
53,360	12,069	0,210
53,380	8,567	0,200
53,400	4,952	0,190
53,420	1,251	0,174
53,440	-2,471	0,155
53,460	-6,161	0,132
53,480	-9,738	0,108
53,500	-13,191	0,086
53,520	-16,462	0,061
53,540	-19,508	0,033
53,560	-22,231	0,007
53,580	-24,637	-0,022
53,600	-26,694	-0,044
53,620	-28,392	-0,073
53,640	-29,622	-0,099
53,660	-30,454	-0,124
53,680	-30,798	-0,142
53,700	-30,750	-0,162
53,720	-30,288	-0,177
53,740	-29,326	-0,196
53,760	-27,940	-0,210
53,780	-26,173	-0,218
53,800	-23,982	-0,224
53,820	-21,506	-0,222
53,840	-18,648	-0,225
53,860	-15,582	-0,221
53,880	-12,251	-0,216
53,900	-8,733	-0,208
53,920	-5,097	-0,190
53,940	-1,402	-0,176
53,960	2,299	-0,158
53,980	6,010	-0,137
54,000	9,593	-0,115
54,020	13,062	-0,092
54,040	16,328	-0,066
54,060	19,357	-0,037
54,080	22,145	-0,012
54,100	24,541	0,015
54,120	26,608	0,043
54,140	28,284	0,069
54,160	29,557	0,098
54,180	30,400	0,115
54,200	30,792	0,139
54,220	30,760	0,156
54,240	30,266	0,174
54,260	29,353	0,190
54,280	28,021	0,203
54,300	26,265	0,210
54,320	24,143	0,216
54,340	21,640	0,219
54,360	18,842	0,219
54,380	15,786	0,211
54,400	12,450	0,210
54,420	8,986	0,202
54,440	5,376	0,186
54,460	1,692	0,174
54,480	-2,009	0,154
54,500	-5,715	0,134
54,520	-9,340	0,110
54,540	-12,799	0,089
54,560	-16,103	0,062
54,580	-19,121	0,034
54,600	-21,930	0,006
54,620	-24,358	-0,017
54,640	-26,463	-0,044
54,660	-28,204	-0,072
54,680	-29,498	-0,095
54,700	-30,374	-0,117
54,720	-30,787	-0,144
54,740	-30,803	-0,165
54,760	-30,368	-0,183
54,780	-29,477	-0,196
54,800	-28,145	-0,206
54,820	-26,410	-0,219
54,840	-24,277	-0,221
54,860	-21,844	-0,225
54,880	-19,003	-0,225
54,900	-15,958	-0,221
54,920	-12,644	-0,215
54,940	-9,174	-0,211
54,960	-5,527	-0,193
54,980	-1,842	-0,182
55,000	1,891	-0,155
55,020	5,575	-0,143
55,040	9,163	-0,117
55,060	12,676	-0,096
55,080	15,979	-0,067
55,100	19,014	-0,043
55,120	21,828	-0,012
55,140	24,288	0,014
55,160	26,394	0,044
55,180	28,102	0,068
55,200	29,434	0,094
55,220	30,320	0,114
55,240	30,771	0,137
55,260	30,776	0,157
55,280	30,357	0,174
55,300	29,471	0,191
55,320	28,187	0,202
55,340	26,474	0,212
55,360	24,406	0,216
55,380	21,952	0,219
55,400	19,164	0,216
55,420	16,146	0,216
55,440	12,837	0,210
55,460	9,383	0,202
55,480	5,790	0,190
55,500	2,122	0,173
55,520	-1,579	0,156
55,540	-5,291	0,137
55,560	-8,927	0,115
55,580	-12,407	0,089
55,600	-15,684	0,061
55,620	-18,793	0,038
55,640	-21,581	0,013
55,660	-24,068	-0,015
55,680	-26,211	-0,045
55,700	-28,005	-0,068
55,720	-29,326	-0,094
55,740	-30,277	-0,117
55,760	-30,696	-0,148
55,780	-30,782	-0,165
55,800	-30,422	-0,183
55,820	-29,557	-0,199
55,840	-28,300	-0,211
55,860	-26,576	-0,218
55,880	-24,530	-0,223
55,900	-22,129	-0,222
55,920	-19,341	-0,226
55,940	-16,317	-0,224
55,960	-13,046	-0,221
55,980	-9,571	-0,212
56,000	-5,978	-0,199
56,020	-2,283	-0,183
56,040	1,456	-0,162
56,060	5,151	-0,144
56,080	8,766	-0,119
56,100	12,273	-0,096
56,120	15,582	-0,071
56,140	18,686	-0,043
56,160	21,527	-0,015
56,180	24,020	0,015
56,200	26,179	0,040
56,220	27,940	0,065
56,240	29,299	0,091
56,260	30,239	0,111
56,280	30,744	0,140
56,300	30,798	0,154
56,320	30,427	0,174
56,340	29,595	0,190
56,360	28,354	0,203
56,380	26,689	0,216
56,400	24,659	0,217
56,420	22,231	0,226
56,440	19,492	0,225
56,460	16,500	0,223
56,480	13,224	0,213
56,500	9,792	0,205
56,520	6,204	0,194
56,540	2,535	0,181
56,560	-1,171	0,161
56,580	-4,866	0,142
56,600	-8,502	0,115
56,620	-12,004	0,095
56,640	-15,329	0,067
56,660	-18,428	0,041
56,680	-21,286	0,014
56,700	-23,794	-0,016
56,720	-25,996	-0,038
56,740	-27,795	-0,068
56,760	-29,229	-0,092
56,780	-30,180	-0,117
56,800	-30,664	-0,140
56,820	-30,819	-0,161
56,840	-30,417	-0,176
56,860	-29,675	-0,196
56,880	-28,424	-0,209
56,900	-26,807	-0,220
56,920	-24,745	-0,225
56,940	-22,365	-0,233
56,960	-19,664	-0,228
56,980	-16,613	-0,229
57,000	-13,401	-0,221
57,020	-9,931	-0,212
57,040	-6,359	-0,198
57,060	-2,664	-0,186
57,080	1,053	-0,165
57,100	4,748	-0,149
57,120	8,363	-0,125
57,140	11,892	-0,100
57,160	15,238	-0,072
57,180	18,348	-0,051
57,200	21,216	-0,022
57,220	23,756	0,009
57,240	25,942	0,034
57,260	27,758	0,065
57,280	29,170	0,090
57,300	30,153	0,111
57,320	30,712	0,134
57,340	30,814	0,152
57,360	30,497	0,177
57,380	29,708	0,188
57,400	28,515	0,206
57,420	26,888	0,219
57,440	24,911	0,223
57,460	22,521	0,221
57,480	19,825	0,228
57,500	16,838	0,224
57,520	13,589	0,219
57,540	10,178	0,211
57,560	6,596	0,198
57,580	2,959	0,185
57,600	-0,768	0,164
57,620	-4,479	0,149
57,640	-8,116	0,118
57,660	-11,639	0,105
57,680	-14,991	0,068
57,700	-18,101	0,050
57,720	-21,017	0,018
57,740	-23,558	-0,007
57,760	-25,776	-0,034
57,780	-27,624	-0,058
57,800	-29,090	-0,088
57,820	-30,083	-0,107
57,840	-30,642	-0,136
57,860	-30,809	-0,154
57,880	-30,508	-0,179
57,900	-29,777	-0,191
57,920	-28,617	-0,207
57,940	-27,011	-0,217
57,960	-24,997	-0,224
57,980	-22,655	-0,230
58,000	-19,954	-0,229
58,020	-16,983	-0,233
58,040	-13,782	-0,219
58,060	-10,355	-0,216
58,080	-6,746	-0,201
58,100	-3,072	-0,191
58,120	0,645	-0,167
58,140	4,334	-0,154
58,160	7,971	-0,127
58,180	11,505	-0,109
58,200	14,867	-0,076
58,220	18,009	-0,057
58,240	20,910	-0,027
58,260	23,493	0,000
58,280	25,722	0,032
58,300	27,564	0,056
58,320	29,031	0,082
58,340	30,067	0,108
58,360	30,674	0,129
58,380	30,825	0,147
58,400	30,556	0,167
58,420	29,820	0,186
58,440	28,660	0,201
58,460	27,092	0,217
58,480	25,147	0,212
58,500	22,800	0,232
58,520	20,147	0,222
58,540	17,187	0,231
58,560	13,976	0,215
58,580	10,560	0,217
58,600	7,009	0,190
58,620	3,357	0,188
58,640	-0,365	0,167
58,660	-4,061	0,151
58,680	-7,745	0,123
58,700	-11,269	0,107
58,720	-14,631	0,074
58,740	-17,805	0,055
58,760	-20,732	0,025
58,780	-23,289	-0,004
58,800	-25,604	-0,026
58,820	-27,468	-0,057
58,840	-28,988	-0,078
58,860	-29,998	-0,108
58,880	-30,642	-0,127
58,900	-30,857	-0,151
58,920	-30,583	-0,167
58,940	-29,928	-0,186
58,960	-28,741	-0,202
58,980	-27,231	-0,212
59,000	-25,260	-0,215
59,020	-22,972	-0,223
59,040	-20,303	-0,222
59,060	-17,322	-0,227
59,080	-14,180	-0,214
59,100	-10,748	-0,212
59,120	-7,170	-0,197
59,140	-3,507	-0,185
59,160	0,215	-0,171
59,180	3,910	-0,149
59,200	7,579	-0,127
59,220	11,102	-0,110
59,240	14,491	-0,078
59,260	17,671	-0,054
59,280	20,593	-0,025
59,300	23,219	0,001
59,320	25,480	0,028
59,340	27,382	0,055
59,360	28,891	0,077
59,380	29,965	0,106
59,400	30,621	0,126
59,420	30,830	0,148
59,440	30,604	0,168
59,460	29,928	0,184
59,480	28,821	0,200
59,500	27,291	0,207
59,520	25,400	0,219
59,540	23,101	0,219
59,560	20,469	0,222
59,580	17,553	0,221
59,600	14,373	0,218
59,620	10,973	0,208
59,640	7,428	0,199
59,660	3,792	0,183
59,680	0,102	0,165
59,700	-3,631	0,151
59,720	-7,289	0,126
59,740	-10,887	0,108
59,760	-14,233	0,076
59,780	-17,445	0,057
59,800	-20,378	0,021
59,820	-23,042	0,006
59,840	-25,319	-0,030
59,860	-27,291	-0,050
59,880	-28,821	-0,078
59,900	-29,944	-0,100
59,920	-30,631	-0,124
59,940	-30,830	-0,146
59,960	-30,647	-0,170
59,980	-30,041	-0,183
60,000	-28,929	-0,197
